Rk,Score,PtsW,PtsL,PtTot,PD,Count,,Last Game
1,20-17,20,17,37,3,297,all games,Seattle Seahawks vs. San Francisco 49ers November 17 2024
2,27-24,27,24,51,3,237,all games,Minnesota Vikings vs. Seattle Seahawks December 22 2024
3,23-20,23,20,43,3,210,all games,Washington Commanders vs. Tampa Bay Buccaneers January 12 2025
4,17-14,17,14,31,3,200,all games,Los Angeles Chargers vs. Tennessee Titans December 18 2022
5,24-17,24,17,41,7,179,all games,New York Jets vs. Tennessee Titans September 15 2024
6,13-10,13,10,23,3,169,all games,Cleveland Browns vs. Pittsburgh Steelers November 19 2023
7,24-21,24,21,45,3,159,all games,Buffalo Bills vs. New England Patriots December 22 2024
8,17-10,17,10,27,7,149,all games,Kansas City Chiefs vs. Los Angeles Chargers September 29 2024
9,16-13,16,13,29,3,145,all games,Chicago Bears vs. Carolina Panthers November 9 2023
10,24-14,24,14,38,10,140,all games,Detroit Lions vs. Green Bay Packers November 3 2024
11,24-10,24,10,34,14,137,all games,Arizona Cardinals vs. Pittsburgh Steelers December 3 2023
12,27-20,27,20,47,7,131,all games,Cincinnati Bengals vs. Dallas Cowboys December 9 2024
13,23-17,23,17,40,6,128,all games,Minnesota Vikings vs. New York Jets October 6 2024
14,20-10,20,10,30,10,124,all games,Pittsburgh Steelers vs. Los Angeles Chargers September 22 2024
15,27-17,27,17,44,10,124,all games,Los Angeles Chargers vs. Tennessee Titans November 10 2024
16,24-20,24,20,44,4,119,all games,Houston Texans vs. Jacksonville Jaguars September 29 2024
17,20-13,20,13,33,7,118,all games,Philadelphia Eagles vs. New York Giants January 5 2025
18,17-7,17,7,24,10,109,all games,Cincinnati Bengals vs. New York Giants October 13 2024
19,17-13,17,13,30,4,109,all games,Los Angeles Chargers vs. Atlanta Falcons December 1 2024
20,21-17,21,17,38,4,106,all games,Philadelphia Eagles vs. Kansas City Chiefs November 20 2023
21,31-17,31,17,48,14,104,all games,Buffalo Bills vs. Pittsburgh Steelers January 15 2024
22,27-10,27,10,37,17,104,all games,Los Angeles Chargers vs. Cleveland Browns November 3 2024
23,21-14,21,14,35,7,100,all games,Los Angeles Rams vs. New Orleans Saints December 1 2024
24,20-14,20,14,34,6,98,all games,Las Vegas Raiders vs. Kansas City Chiefs December 25 2023
25,27-21,27,21,48,6,95,all games,Atlanta Falcons vs. Dallas Cowboys November 3 2024
26,30-27,30,27,57,3,95,all games,Kansas City Chiefs vs. Carolina Panthers November 24 2024
27,27-7,27,7,34,20,95,all games,San Francisco 49ers vs. Seattle Seahawks September 18 2022
28,7-0,7,0,7,7,93,all games,New England Patriots vs. New Orleans Saints December 4 1983
29,31-14,31,14,45,17,92,all games,Cincinnati Bengals vs. Cleveland Browns January 7 2024
30,20-7,20,7,27,13,92,all games,Miami Dolphins vs. New England Patriots September 11 2022
31,31-24,31,24,55,7,91,all games,Baltimore Ravens vs. Arizona Cardinals October 29 2023
32,14-7,14,7,21,7,90,all games,New York Giants vs. Washington Commanders October 22 2023
33,31-28,31,28,59,3,90,all games,Indianapolis Colts vs. Tennessee Titans December 3 2023
34,14-10,14,10,24,4,88,all games,New England Patriots vs. Buffalo Bills December 6 2021
35,27-14,27,14,41,13,86,all games,Pittsburgh Steelers vs. Cleveland Browns December 8 2024
36,10-7,10,7,17,3,86,all games,New York Giants vs. New England Patriots November 26 2023
37,16-10,16,10,26,6,85,all games,Indianapolis Colts vs. Miami Dolphins October 20 2024
38,21-7,21,7,28,14,85,all games,Kansas City Chiefs vs. Cleveland Browns December 15 2024
39,17-16,17,16,33,1,84,all games,Los Angeles Rams vs. Seattle Seahawks November 19 2023
40,24-7,24,7,31,17,83,all games,Denver Broncos vs. Los Angeles Chargers December 10 2023
41,31-21,31,21,52,10,82,all games,New York Jets vs. Denver Broncos October 8 2023
42,31-7,31,7,38,24,82,all games,Buffalo Bills vs. Denver Broncos January 12 2025
43,28-7,28,7,35,21,82,all games,Pittsburgh Steelers vs. Indianapolis Colts November 24 2016
44,34-31,34,31,65,3,81,all games,Detroit Lions vs. Green Bay Packers December 5 2024
45,6-0,6,0,6,6,80,all games,Los Angeles Chargers vs. New England Patriots December 3 2023
46,13-7,13,7,20,6,78,all games,New York Giants vs. Philadelphia Eagles November 28 2021
47,14-0,14,0,14,14,77,all games,Cincinnati Bengals vs. Cleveland Browns December 21 2008
48,28-24,28,24,52,4,77,all games,Los Angeles Chargers vs. Minnesota Vikings September 24 2023
49,24-23,24,23,47,1,77,all games,Arizona Cardinals vs. San Francisco 49ers October 6 2024
50,28-21,28,21,49,7,76,all games,Seattle Seahawks vs. San Francisco 49ers October 3 2021
51,31-10,31,10,41,21,76,all games,Buffalo Bills vs. Seattle Seahawks October 27 2024
52,27-13,27,13,40,14,76,all games,Philadelphia Eagles vs. Pittsburgh Steelers December 15 2024
53,21-20,21,20,41,1,73,all games,Los Angeles Rams vs. San Francisco 49ers January 7 2024
54,0-0,0,0,0,0,73,all games,Detroit Lions vs. New York Giants November 7 1943
55,23-7,23,7,30,16,72,all games,Baltimore Ravens vs. Jacksonville Jaguars December 17 2023
56,20-0,20,0,20,20,71,all games,Tennessee Titans vs. Jacksonville Jaguars December 12 2021
57,24-13,24,13,37,11,70,all games,Seattle Seahawks vs. Dallas Cowboys September 23 2018
58,28-14,28,14,42,14,70,all games,Baltimore Ravens vs. Pittsburgh Steelers January 11 2025
59,21-0,21,0,21,21,68,all games,Baltimore Ravens vs. Tennessee Titans October 14 2018
60,34-17,34,17,51,17,67,all games,Detroit Lions vs. Chicago Bears December 22 2024
61,20-16,20,16,36,4,67,all games,Philadelphia Eagles vs. Cleveland Browns October 13 2024
62,27-0,27,0,27,27,66,all games,Cleveland Browns vs. Arizona Cardinals November 5 2023
63,34-7,34,7,41,27,66,all games,Atlanta Falcons vs. New York Giants December 22 2024
64,23-10,23,10,33,13,66,all games,Cincinnati Bengals vs. Cleveland Browns December 11 2022
65,13-0,13,0,13,13,65,all games,San Francisco 49ers vs. New Orleans Saints November 27 2022
66,20-3,20,3,23,17,65,all games,Miami Dolphins vs. Cleveland Browns December 29 2024
67,28-17,28,17,45,11,65,all games,Miami Dolphins vs. Los Angeles Rams November 1 2020
68,16-14,16,14,30,2,65,all games,Kansas City Chiefs vs. Denver Broncos November 10 2024
69,30-24,30,24,54,6,65,all games,Washington Commanders vs. Atlanta Falcons December 29 2024
70,17-3,17,3,20,14,64,all games,New York Jets vs. New England Patriots January 7 2024
71,17-6,17,6,23,11,64,all games,New York Giants vs. Detroit Lions December 18 2016
72,21-10,21,10,31,11,64,all games,Philadelphia Eagles vs. Minnesota Vikings October 23 2016
73,31-13,31,13,44,18,64,all games,Denver Broncos vs. Indianapolis Colts December 15 2024
74,24-3,24,3,27,21,64,all games,Seattle Seahawks vs. Miami Dolphins September 22 2024
75,24-0,24,0,24,24,63,all games,New Orleans Saints vs. Las Vegas Raiders October 30 2022
76,34-24,34,24,58,10,63,all games,Cincinnati Bengals vs. Carolina Panthers September 29 2024
77,10-0,10,0,10,10,61,all games,Chicago Bears vs. New York Jets November 19 2006
78,10-6,10,6,16,4,61,all games,Jacksonville Jaguars vs. Tennessee Titans December 8 2024
79,34-14,34,14,48,20,61,all games,Seattle Seahawks vs. Atlanta Falcons October 20 2024
80,3-0,3,0,3,3,60,all games,Minnesota Vikings vs. Las Vegas Raiders December 10 2023
81,30-10,30,10,40,20,60,all games,Dallas Cowboys vs. New York Jets September 17 2023
82,19-17,19,17,36,2,60,all games,Cincinnati Bengals vs. Pittsburgh Steelers January 4 2025
83,17-0,17,0,17,17,58,all games,Green Bay Packers vs. Seattle Seahawks November 14 2021
84,14-13,14,13,27,1,58,all games,Buffalo Bills vs. Detroit Lions December 16 2018
85,26-20,26,20,46,6,58,all games,Los Angeles Rams vs. Seattle Seahawks November 3 2024
86,38-14,38,14,52,24,57,all games,Atlanta Falcons vs. Washington Redskins November 4 2018
87,23-21,23,21,44,2,57,all games,New England Patriots vs. Miami Dolphins January 1 2023
88,20-6,20,6,26,14,56,all games,Tampa Bay Buccaneers vs. Tennessee Titans November 12 2023
89,7-6,7,6,13,1,56,all games,New York Jets vs. Arizona Cardinals December 2 2012
90,31-27,31,27,58,4,55,all games,Cleveland Browns vs. Jacksonville Jaguars December 10 2023
91,35-14,35,14,49,21,55,all games,Baltimore Ravens vs. New York Giants December 15 2024
92,13-6,13,6,19,7,55,all games,Pittsburgh Steelers vs. Denver Broncos September 15 2024
93,19-16,19,16,35,3,55,all games,Houston Texans vs. Tennessee Titans December 17 2023
94,30-17,30,17,47,13,54,all games,Arizona Cardinals vs. New England Patriots December 15 2024
95,24-16,24,16,40,8,54,all games,Baltimore Ravens vs. Tennessee Titans October 15 2023
96,38-10,38,10,48,28,54,all games,Green Bay Packers vs. San Francisco 49ers November 24 2024
97,28-10,28,10,38,18,54,all games,Tampa Bay Buccaneers vs. Denver Broncos September 27 2020
98,30-14,30,14,44,16,53,all games,Dallas Cowboys vs. Carolina Panthers December 15 2024
99,34-27,34,27,61,7,53,all games,Los Angeles Chargers vs. Denver Broncos December 19 2024
100,34-20,34,20,54,14,53,all games,Los Angeles Chargers vs. Las Vegas Raiders January 5 2025
101,26-23,26,23,49,3,53,all games,Indianapolis Colts vs. Jacksonville Jaguars January 5 2025
102,23-16,23,16,39,7,52,all games,New England Patriots vs. Buffalo Bills January 5 2025
103,23-13,23,13,36,10,52,all games,Minnesota Vikings vs. Tennessee Titans November 17 2024
104,27-23,27,23,50,4,52,all games,Dallas Cowboys vs. Houston Texans December 11 2022
105,23-14,23,14,37,9,52,all games,Kansas City Chiefs vs. Houston Texans January 18 2025
106,30-20,30,20,50,10,52,all games,Buffalo Bills vs. Indianapolis Colts November 10 2024
107,21-13,21,13,34,8,52,all games,Minnesota Vikings vs. Indianapolis Colts November 3 2024
108,19-13,19,13,32,6,51,all games,Houston Texans vs. Chicago Bears September 15 2024
109,13-3,13,3,16,10,50,all games,Cleveland Browns vs. Baltimore Ravens December 17 2022
110,21-16,21,16,37,5,49,all games,Indianapolis Colts vs. Chicago Bears September 22 2024
111,35-7,35,7,42,28,49,all games,San Francisco 49ers vs. Tampa Bay Buccaneers December 11 2022
112,38-24,38,24,62,14,49,all games,Kansas City Chiefs vs. Buffalo Bills January 24 2021
113,14-6,14,6,20,8,49,all games,Arizona Cardinals vs. Detroit Lions November 16 2014
114,19-14,19,14,33,5,48,all games,Las Vegas Raiders vs. Jacksonville Jaguars December 22 2024
115,30-7,30,7,37,23,48,all games,Tampa Bay Buccaneers vs. New York Giants November 24 2024
116,16-0,16,0,16,16,48,all games,Denver Broncos vs. Tennessee Titans October 13 2019
117,27-3,27,3,30,24,47,all games,Tennessee Titans vs. Cincinnati Bengals October 1 2023
118,34-0,34,0,34,34,47,all games,Green Bay Packers vs. New Orleans Saints December 23 2024
119,20-19,20,19,39,1,47,all games,Washington Commanders vs. New Orleans Saints December 15 2024
120,10-3,10,3,13,7,46,all games,New England Patriots vs. New York Jets November 20 2022
121,35-17,35,17,52,18,46,all games,Cincinnati Bengals vs. Atlanta Falcons October 23 2022
122,31-0,31,0,31,31,46,all games,Indianapolis Colts vs. Houston Texans December 5 2021
123,38-7,38,7,45,31,46,all games,Philadelphia Eagles vs. New York Giants January 21 2023
124,31-20,31,20,51,11,46,all games,Indianapolis Colts vs. Houston Texans September 17 2023
125,38-17,38,17,55,21,45,all games,Tampa Bay Buccaneers vs. Detroit Lions December 15 2019
126,34-13,34,13,47,21,45,all games,Green Bay Packers vs. Arizona Cardinals October 13 2024
127,30-13,30,13,43,17,45,all games,Green Bay Packers vs. Seattle Seahawks December 15 2024
128,34-10,34,10,44,24,45,all games,Houston Texans vs. Dallas Cowboys November 18 2024
129,28-20,28,20,48,8,44,all games,Tennessee Titans vs. Jacksonville Jaguars January 7 2024
130,26-10,26,10,36,16,44,all games,Kansas City Chiefs vs. Los Angeles Rams November 27 2022
131,26-24,26,24,50,2,44,all games,Dallas Cowboys vs. Tampa Bay Buccaneers December 22 2024
132,23-0,23,0,23,23,43,all games,Indianapolis Colts vs. Dallas Cowboys December 16 2018
133,30-28,30,28,58,2,43,all games,New York Jets vs. Washington Commanders December 24 2023
134,28-27,28,27,55,1,43,all games,Indianapolis Colts vs. New York Jets November 17 2024
135,34-21,34,21,55,13,43,all games,New York Jets vs. Buffalo Bills November 2 2017
136,16-7,16,7,23,9,42,all games,Cincinnati Bengals vs. Cleveland Browns November 29 2009
137,28-0,28,0,28,28,42,all games,San Francisco 49ers vs. Los Angeles Rams September 12 2016
138,34-28,34,28,62,6,42,all games,Buffalo Bills vs. Arizona Cardinals September 8 2024
139,31-3,31,3,34,28,41,all games,Jacksonville Jaguars vs. Houston Texans January 1 2023
140,26-14,26,14,40,12,41,all games,Detroit Lions vs. Las Vegas Raiders October 30 2023
141,30-23,30,23,53,7,41,all games,Baltimore Ravens vs. Los Angeles Chargers November 25 2024
142,14-3,14,3,17,11,40,all games,Pittsburgh Steelers vs. Cleveland Browns December 8 2011
143,9-7,9,7,16,2,40,all games,Carolina Panthers vs. Atlanta Falcons December 17 2023
144,28-13,28,13,41,15,40,all games,Tampa Bay Buccaneers vs. Las Vegas Raiders December 8 2024
145,19-7,19,7,26,12,39,all games,Miami Dolphins vs. Cincinnati Bengals December 6 2020
146,26-21,26,21,47,5,39,all games,Seattle Seahawks vs. New York Jets December 1 2024
147,38-21,38,21,59,17,39,all games,Los Angeles Chargers vs. Kansas City Chiefs January 3 2021
148,24-6,24,6,30,18,39,all games,Cincinnati Bengals vs. Cleveland Browns December 22 2024
149,35-21,35,21,56,14,38,all games,Denver Broncos vs. San Diego Chargers October 23 2014
150,38-31,38,31,69,7,38,all games,Philadelphia Eagles vs. Washington Commanders October 29 2023
151,17-9,17,9,26,8,38,all games,Green Bay Packers vs. Chicago Bears January 7 2024
152,10-9,10,9,19,1,37,all games,Denver Broncos vs. New York Jets September 29 2024
153,41-10,41,10,51,31,37,all games,Baltimore Ravens vs. Denver Broncos November 3 2024
154,37-34,37,34,71,3,37,all games,Jacksonville Jaguars vs. Indianapolis Colts October 6 2024
155,23-3,23,3,26,20,37,all games,Kansas City Chiefs vs. Denver Broncos December 15 2019
156,24-22,24,22,46,2,37,all games,Chicago Bears vs. Green Bay Packers January 5 2025
157,26-7,26,7,33,19,36,all games,Denver Broncos vs. Tampa Bay Buccaneers September 22 2024
158,27-6,27,6,33,21,36,all games,Los Angeles Chargers vs. New York Jets November 6 2023
159,19-0,19,0,19,19,35,all games,Buffalo Bills vs. Miami Dolphins December 22 2013
160,41-14,41,14,55,27,35,all games,Kansas City Chiefs vs. Las Vegas Raiders November 14 2021
161,31-23,31,23,54,8,35,all games,Detroit Lions vs. Tampa Bay Buccaneers January 21 2024
162,37-14,37,14,51,23,35,all games,Los Angeles Rams vs. Arizona Cardinals November 26 2023
163,6-3,6,3,9,3,35,all games,Seattle Seahawks vs. Chicago Bears December 26 2024
164,13-9,13,9,22,4,35,all games,Los Angeles Rams vs. Arizona Cardinals December 28 2024
165,24-19,24,19,43,5,35,all games,Philadelphia Eagles vs. Baltimore Ravens December 1 2024
166,27-16,27,16,43,11,34,all games,Chicago Bears vs. Arizona Cardinals December 24 2023
167,38-20,38,20,58,18,34,all games,Atlanta Falcons vs. Carolina Panthers October 13 2024
168,16-6,16,6,22,10,34,all games,Seattle Seahawks vs. Arizona Cardinals November 24 2024
169,26-17,26,17,43,9,34,all games,Philadelphia Eagles vs. Dallas Cowboys October 16 2022
170,28-23,28,23,51,5,33,all games,Philadelphia Eagles vs. Jacksonville Jaguars November 3 2024
171,38-28,38,28,66,10,33,all games,Los Angeles Rams vs. Arizona Cardinals December 6 2020
172,33-14,33,14,47,19,32,all games,Chicago Bears vs. New England Patriots October 24 2022
173,9-0,9,0,9,9,32,all games,Tampa Bay Buccaneers vs. Carolina Panthers January 7 2024
174,34-3,34,3,37,31,32,all games,San Francisco 49ers vs. Jacksonville Jaguars November 12 2023
175,9-6,9,6,15,3,31,all games,Jacksonville Jaguars vs. Buffalo Bills November 7 2021
176,30-21,30,21,51,9,31,all games,Buffalo Bills vs. Kansas City Chiefs November 17 2024
177,37-7,37,7,44,30,31,all games,Los Angeles Rams vs. Jacksonville Jaguars December 5 2021
178,7-7,7,7,14,0,31,all games,Washington Redskins vs. New York Giants November 23 1997
179,7-3,7,3,10,4,30,all games,Kansas City Chiefs vs. Denver Broncos January 1 2012
180,26-0,26,0,26,26,30,all games,Jacksonville Jaguars vs. Carolina Panthers December 31 2023
181,37-31,37,31,68,6,30,all games,Baltimore Ravens vs. Los Angeles Rams December 10 2023
182,37-21,37,21,58,16,29,all games,Los Angeles Chargers vs. New York Giants December 12 2021
183,21-19,21,19,40,2,29,all games,Atlanta Falcons vs. Houston Texans October 8 2023
184,42-14,42,14,56,28,29,all games,Washington Commanders vs. Arizona Cardinals September 29 2024
185,42-7,42,7,49,35,29,all games,Los Angeles Rams vs. Seattle Seahawks December 17 2017
186,20-12,20,12,32,8,29,all games,Houston Texans vs. Miami Dolphins December 15 2024
187,33-17,33,17,50,16,28,all games,Dallas Cowboys vs. Cleveland Browns September 8 2024
188,33-27,33,27,60,6,27,all games,Tampa Bay Buccaneers vs. Buffalo Bills December 12 2021
189,41-21,41,21,62,20,27,all games,Houston Texans vs. New England Patriots October 13 2024
190,14-9,14,9,23,5,27,all games,Buffalo Bills vs. New York Giants October 15 2023
191,19-10,19,10,29,9,27,all games,Tennessee Titans vs. Indianapolis Colts October 23 2022
192,28-3,28,3,31,25,27,all games,Philadelphia Eagles vs. New York Giants October 20 2024
193,16-3,16,3,19,13,27,all games,Washington Redskins vs. Tampa Bay Buccaneers November 11 2018
194,17-12,17,12,29,5,26,all games,New York Giants vs. Seattle Seahawks December 6 2020
195,33-30,33,30,63,3,26,all games,Green Bay Packers vs. Carolina Panthers December 24 2023
196,22-17,22,17,39,5,26,all games,Kansas City Chiefs vs. Atlanta Falcons September 22 2024
197,37-20,37,20,57,17,26,all games,Philadelphia Eagles vs. Los Angeles Rams November 24 2024
198,45-21,45,21,66,24,26,all games,Carolina Panthers vs. Miami Dolphins November 13 2017
199,35-24,35,24,59,11,26,all games,Kansas City Chiefs vs. Tennessee Titans January 19 2020
200,45-17,45,17,62,28,25,all games,Buffalo Bills vs. New York Jets November 14 2021
201,31-6,31,6,37,25,25,all games,Arizona Cardinals vs. New York Jets November 10 2024
202,15-10,15,10,25,5,25,all games,Miami Dolphins vs. New England Patriots October 6 2024
203,26-16,26,16,42,10,25,all games,Arizona Cardinals vs. Carolina Panthers October 2 2022
204,41-7,41,7,48,34,25,all games,Philadelphia Eagles vs. Dallas Cowboys December 29 2024
205,38-35,38,35,73,3,25,all games,Kansas City Chiefs vs. Philadelphia Eagles February 12 2023
206,24-9,24,9,33,15,25,all games,Denver Broncos vs. Kansas City Chiefs October 29 2023
207,45-7,45,7,52,38,25,all games,New England Patriots vs. Cleveland Browns November 14 2021
208,42-21,42,21,63,21,25,all games,Minnesota Vikings vs. Atlanta Falcons December 8 2024
209,37-10,37,10,47,27,25,all games,Green Bay Packers vs. Minnesota Vikings January 2 2022
210,31-30,31,30,61,1,24,all games,Jacksonville Jaguars vs. Los Angeles Chargers January 14 2023
211,35-0,35,0,35,35,24,all games,Buffalo Bills vs. Miami Dolphins September 19 2021
212,12-7,12,7,19,5,24,all games,Minnesota Vikings vs. Jacksonville Jaguars November 10 2024
213,28-16,28,16,44,12,24,all games,San Francisco 49ers vs. Seattle Seahawks December 10 2023
214,10-10,10,10,20,0,24,all games,Philadelphia Eagles vs. Baltimore Ravens November 16 1997
215,35-10,35,10,45,25,23,all games,Baltimore Ravens vs. Cleveland Browns January 4 2025
216,35-28,35,28,63,7,23,all games,Atlanta Falcons vs. Oakland Raiders September 18 2016
217,38-0,38,0,38,38,23,all games,Denver Broncos vs. Kansas City Chiefs January 5 2025
218,21-3,21,3,24,18,23,all games,Carolina Panthers vs. Tampa Bay Buccaneers October 23 2022
219,41-17,41,17,58,24,23,all games,Green Bay Packers vs. Minnesota Vikings January 1 2023
220,42-17,42,17,59,25,23,all games,Detroit Lions vs. Denver Broncos December 16 2023
221,27-19,27,19,46,8,23,all games,Tampa Bay Buccaneers vs. New Orleans Saints January 5 2025
222,31-16,31,16,47,15,23,all games,Miami Dolphins vs. New York Giants October 8 2023
223,26-13,26,13,39,13,22,all games,Kansas City Chiefs vs. New Orleans Saints October 7 2024
224,13-12,13,12,25,1,22,all games,Kansas City Chiefs vs. Los Angeles Chargers January 7 2024
225,41-38,41,38,79,3,22,all games,Baltimore Ravens vs. Cincinnati Bengals October 6 2024
226,27-26,27,26,53,1,22,all games,New Orleans Saints vs. Atlanta Falcons September 11 2022
227,22-21,22,21,43,1,22,all games,Atlanta Falcons vs. Philadelphia Eagles September 16 2024
228,12-0,12,0,12,12,22,all games,New England Patriots vs. Miami Dolphins December 7 2003
229,35-13,35,13,48,22,22,all games,Buffalo Bills vs. Chicago Bears December 24 2022
230,37-13,37,13,50,24,22,all games,Chicago Bears vs. St. Louis Rams November 15 2015
231,20-9,20,9,29,11,22,all games,Miami Dolphins vs. New York Giants December 5 2021
232,28-25,28,25,53,3,22,all games,Baltimore Ravens vs. Dallas Cowboys September 22 2024
233,33-7,33,7,40,26,22,all games,New Orleans Saints vs. Carolina Panthers January 3 2021
234,20-20,20,20,40,0,22,all games,Washington Commanders vs. New York Giants December 4 2022
235,35-31,35,31,66,4,21,all games,Arizona Cardinals vs. Philadelphia Eagles December 31 2023
236,30-3,30,3,33,27,21,all games,Tennessee Titans vs. Carolina Panthers November 13 2011
237,30-0,30,0,30,30,21,all games,Miami Dolphins vs. New York Jets December 17 2023
238,22-16,22,16,38,6,21,all games,Philadelphia Eagles vs. Carolina Panthers December 8 2024
239,22-10,22,10,32,12,21,all games,Philadelphia Eagles vs. Green Bay Packers January 12 2025
240,31-26,31,26,57,5,21,all games,Atlanta Falcons vs. Tampa Bay Buccaneers October 27 2024
241,12-10,12,10,22,2,21,all games,Chicago Bears vs. Minnesota Vikings November 27 2023
242,45-14,45,14,59,31,21,all games,Houston Texans vs. Cleveland Browns January 13 2024
243,40-7,40,7,47,33,21,all games,Los Angeles Chargers vs. New England Patriots December 28 2024
244,38-13,38,13,51,25,21,all games,San Francisco 49ers vs. Chicago Bears December 8 2024
245,38-3,38,3,41,35,21,all games,Dallas Cowboys vs. New England Patriots October 1 2023
246,26-3,26,3,29,23,21,all games,Los Angeles Chargers vs. Carolina Panthers September 15 2024
247,23-6,23,6,29,17,21,all games,Seattle Seahawks vs. New York Jets January 1 2023
248,17-17,17,17,34,0,21,all games,Kansas City Chiefs vs. New York Jets October 2 1988
249,41-0,41,0,41,41,20,all games,New Orleans Saints vs. Tampa Bay Buccaneers December 16 2012
250,28-6,28,6,34,22,20,all games,Minnesota Vikings vs. New York Giants September 8 2024
251,45-10,45,10,55,35,20,all games,Dallas Cowboys vs. Washington Commanders November 23 2023
252,23-19,23,19,42,4,20,all games,Washington Commanders vs. Dallas Cowboys January 5 2025
253,25-20,25,20,45,5,20,all games,Jacksonville Jaguars vs. Buffalo Bills October 8 2023
254,35-20,35,20,55,15,20,all games,Green Bay Packers vs. Houston Texans October 25 2020
255,27-22,27,22,49,5,20,all games,Washington Commanders vs. New York Giants November 3 2024
256,44-7,44,7,51,37,20,all games,Jacksonville Jaguars vs. Baltimore Ravens September 24 2017
257,21-6,21,6,27,15,20,all games,Dallas Cowboys vs. New York Giants December 19 2021
258,30-16,30,16,46,14,20,all games,Houston Texans vs. Jacksonville Jaguars December 19 2021
259,42-10,42,10,52,32,19,all games,San Francisco 49ers vs. Dallas Cowboys October 8 2023
260,29-21,29,21,50,8,19,all games,Philadelphia Eagles vs. Jacksonville Jaguars October 2 2022
261,29-10,29,10,39,19,19,all games,Kansas City Chiefs vs. Pittsburgh Steelers December 25 2024
262,14-12,14,12,26,2,19,all games,Green Bay Packers vs. Tampa Bay Buccaneers September 25 2022
263,35-3,35,3,38,32,19,all games,Kansas City Chiefs vs. Oakland Raiders December 30 2018
264,22-19,22,19,41,3,19,all games,Indianapolis Colts vs. Baltimore Ravens September 24 2023
265,41-24,41,24,65,17,19,all games,Cincinnati Bengals vs. Las Vegas Raiders November 3 2024
266,34-16,34,16,50,18,19,all games,Detroit Lions vs. Jacksonville Jaguars October 18 2020
267,12-9,12,9,21,3,19,all games,Indianapolis Colts vs. Denver Broncos October 6 2022
268,35-27,35,27,62,8,19,all games,Dallas Cowboys vs. Detroit Lions November 17 2019
269,29-7,29,7,36,22,19,all games,Tampa Bay Buccaneers vs. Chicago Bears September 17 2017
270,19-3,19,3,22,16,19,all games,New England Patriots vs. Chicago Bears November 10 2024
271,15-13,15,13,28,2,18,all games,Carolina Panthers vs. Houston Texans October 29 2023
272,29-27,29,27,56,2,18,all games,Houston Texans vs. Indianapolis Colts September 8 2024
273,22-20,22,20,42,2,18,all games,Miami Dolphins vs. Dallas Cowboys December 24 2023
274,45-28,45,28,73,17,18,all games,Chicago Bears vs. Dallas Cowboys December 9 2013
275,34-23,34,23,57,11,18,all games,Cincinnati Bengals vs. Tampa Bay Buccaneers December 18 2022
276,40-14,40,14,54,26,18,all games,Buffalo Bills vs. New York Jets December 29 2024
277,25-24,25,24,49,1,18,all games,Indianapolis Colts vs. New England Patriots December 1 2024
278,29-14,29,14,43,15,18,all games,Pittsburgh Steelers vs. Cincinnati Bengals October 22 2017
279,42-20,42,20,62,22,18,all games,Tennessee Titans vs. Jacksonville Jaguars November 24 2019
280,13-13,13,13,26,0,18,all games,Cincinnati Bengals vs. Philadelphia Eagles November 16 2008
281,37-0,37,0,37,37,17,all games,Miami Dolphins vs. San Diego Chargers November 2 2014
282,33-13,33,13,46,20,17,all games,Dallas Cowboys vs. Philadelphia Eagles December 10 2023
283,20-15,20,15,35,5,17,all games,Los Angeles Rams vs. Las Vegas Raiders October 20 2024
284,21-18,21,18,39,3,17,all games,Washington Commanders vs. New York Giants September 15 2024
285,9-3,9,3,12,6,17,all games,Carolina Panthers vs. Buffalo Bills September 17 2017
286,22-14,22,14,36,8,17,all games,Carolina Panthers vs. New Orleans Saints September 25 2022
287,24-24,24,24,48,0,17,all games,St. Louis Rams vs. San Francisco 49ers November 11 2012
288,12-6,12,6,18,6,16,all games,Los Angeles Rams vs. San Francisco 49ers December 12 2024
289,31-19,31,19,50,12,16,all games,New York Giants vs. Washington Commanders November 19 2023
290,48-21,48,21,69,27,16,all games,Atlanta Falcons vs. Houston Texans October 4 2015
291,22-13,22,13,35,9,16,all games,Houston Texans vs. Tennessee Titans November 21 2021
292,23-22,23,22,45,1,16,all games,Minnesota Vikings vs. Arizona Cardinals December 1 2024
293,21-9,21,9,30,12,16,all games,New Orleans Saints vs. Chicago Bears January 10 2021
294,42-0,42,0,42,42,16,all games,Seattle Seahawks vs. Philadelphia Eagles December 5 2005
295,27-9,27,9,36,18,16,all games,Los Angeles Rams vs. Minnesota Vikings January 13 2025
296,37-24,37,24,61,13,16,all games,New York Jets vs. Miami Dolphins December 28 2014
297,33-24,33,24,57,9,16,all games,Miami Dolphins vs. New England Patriots January 9 2022
298,26-6,26,6,32,20,16,all games,Washington Commanders vs. Dallas Cowboys January 8 2023
299,19-9,19,9,28,10,16,all games,Los Angeles Rams vs. New York Jets December 22 2024
300,6-6,6,6,12,0,16,all games,Arizona Cardinals vs. Seattle Seahawks October 23 2016
301,17-15,17,15,32,2,15,all games,Arizona Cardinals vs. Los Angeles Chargers October 21 2024
302,45-24,45,24,69,21,15,all games,Atlanta Falcons vs. Tampa Bay Buccaneers January 1 2012
303,14-14,14,14,28,0,15,all games,Green Bay Packers vs. Tampa Bay Buccaneers October 12 1980
304,33-21,33,21,54,12,15,all games,Buffalo Bills vs. New England Patriots December 26 2021
305,37-17,37,17,54,20,15,all games,Philadelphia Eagles vs. Cincinnati Bengals October 27 2024
306,37-27,37,27,64,10,15,all games,Cincinnati Bengals vs. Tennessee Titans December 15 2024
307,15-0,15,0,15,15,15,all games,Oakland Raiders vs. Kansas City Chiefs December 16 2012
308,42-28,42,28,70,14,15,all games,Carolina Panthers vs. Tampa Bay Buccaneers November 4 2018
309,30-6,30,6,36,24,15,all games,New York Jets vs. Houston Texans December 10 2023
310,18-17,18,17,35,1,15,all games,Green Bay Packers vs. New Orleans Saints September 24 2023
311,28-28,28,28,56,0,15,all games,Miami Dolphins vs. New York Jets October 4 1981
312,29-24,29,24,53,5,15,all games,Cleveland Browns vs. Baltimore Ravens October 27 2024
313,21-21,21,21,42,0,15,all games,Cleveland Browns vs. Pittsburgh Steelers September 9 2018
314,38-27,38,27,65,11,15,all games,New Orleans Saints vs. Indianapolis Colts October 29 2023
315,33-10,33,10,43,23,15,all games,Denver Broncos vs. New Orleans Saints October 17 2024
316,22-0,22,0,22,22,14,all games,Green Bay Packers vs. Buffalo Bills September 30 2018
317,41-20,41,20,61,21,14,all games,Denver Broncos vs. Arizona Cardinals October 5 2014
318,16-15,16,15,31,1,14,all games,New Orleans Saints vs. Tennessee Titans September 10 2023
319,41-13,41,13,54,28,14,all games,Atlanta Falcons vs. San Francisco 49ers December 18 2016
320,25-17,25,17,42,8,14,all games,Kansas City Chiefs vs. Cincinnati Bengals December 31 2023
321,16-12,16,12,28,4,14,all games,Las Vegas Raiders vs. New York Jets November 12 2023
322,29-28,29,28,57,1,14,all games,Los Angeles Chargers vs. Kansas City Chiefs December 13 2018
323,29-23,29,23,52,6,14,all games,Los Angeles Rams vs. Indianapolis Colts October 1 2023
324,25-22,25,22,47,3,14,all games,New England Patriots vs. New York Jets October 27 2024
325,35-23,35,23,58,12,14,all games,Buffalo Bills vs. New England Patriots January 8 2023
326,33-31,33,31,64,2,14,all games,Cleveland Browns vs. Baltimore Ravens November 12 2023
327,34-33,34,33,67,1,14,all games,Arizona Cardinals vs. Minnesota Vikings September 19 2021
328,16-9,16,9,25,7,14,all games,Denver Broncos vs. Los Angeles Chargers December 31 2023
329,24-12,24,12,36,12,13,all games,Green Bay Packers vs. Los Angeles Rams December 19 2022
330,31-9,31,9,40,22,13,all games,Detroit Lions vs. Minnesota Vikings January 5 2025
331,41-28,41,28,69,13,13,all games,New England Patriots vs. Los Angeles Chargers January 13 2019
332,28-22,28,22,50,6,13,all games,Philadelphia Eagles vs. Los Angeles Rams January 19 2025
333,3-3,3,3,6,0,13,all games,Chicago Bears vs. New York Giants October 31 1937
334,22-7,22,7,29,15,13,all games,Washington Football Team vs. New York Giants January 9 2022
335,37-3,37,3,40,34,13,all games,Baltimore Ravens vs. Seattle Seahawks November 5 2023
336,38-23,38,23,61,15,13,all games,Dallas Cowboys vs. Philadelphia Eagles November 11 2012
337,19-6,19,6,25,13,13,all games,Pittsburgh Steelers vs. New York Jets October 13 2013
338,42-24,42,24,66,18,13,all games,Detroit Lions vs. Carolina Panthers October 8 2023
339,29-17,29,17,46,12,13,all games,Miami Dolphins vs. San Francisco 49ers December 22 2024
340,28-26,28,26,54,2,12,all games,Seattle Seahawks vs. Pittsburgh Steelers September 15 2019
341,36-28,36,28,64,8,12,all games,Minnesota Vikings vs. Pittsburgh Steelers December 9 2021
342,41-31,41,31,72,10,12,all games,Baltimore Ravens vs. Tampa Bay Buccaneers October 21 2024
343,48-17,48,17,65,31,12,all games,New Orleans Saints vs. Atlanta Falcons January 7 2024
344,34-30,34,30,64,4,12,all games,Washington Football Team vs. Atlanta Falcons October 3 2021
345,35-16,35,16,51,19,12,all games,Chicago Bears vs. Jacksonville Jaguars October 13 2024
346,41-27,41,27,68,14,12,all games,New York Giants vs. Cleveland Browns October 7 2012
347,29-20,29,20,49,9,12,all games,New York Giants vs. Seattle Seahawks October 6 2024
348,31-29,31,29,60,2,12,all games,Detroit Lions vs. Minnesota Vikings October 20 2024
349,28-19,28,19,47,9,12,all games,Green Bay Packers vs. Chicago Bears December 4 2022
350,33-6,33,6,39,27,12,all games,San Francisco 49ers vs. New England Patriots October 25 2020
351,30-12,30,12,42,18,12,all games,Minnesota Vikings vs. Chicago Bears December 16 2024
352,38-6,38,6,44,32,12,all games,Denver Broncos vs. Atlanta Falcons November 17 2024
353,36-14,36,14,50,22,12,all games,Denver Broncos vs. Carolina Panthers November 11 2012
354,49-21,49,21,70,28,12,all games,New Orleans Saints vs. Los Angeles Rams November 27 2016
355,45-3,45,3,48,42,12,all games,San Francisco 49ers vs. Buffalo Bills October 7 2012
356,36-20,36,20,56,16,11,all games,New England Patriots vs. Las Vegas Raiders September 27 2020
357,37-35,37,35,72,2,11,all games,Minnesota Vikings vs. Detroit Lions January 3 2021
358,31-15,31,15,46,16,11,all games,Tampa Bay Buccaneers vs. Philadelphia Eagles January 16 2022
359,29-13,29,13,42,16,11,all games,Minnesota Vikings vs. Chicago Bears January 8 2023
360,30-26,30,26,56,4,11,all games,Cincinnati Bengals vs. New Orleans Saints October 16 2022
361,26-9,26,9,35,17,11,all games,Los Angeles Rams vs. Arizona Cardinals October 15 2023
362,27-25,27,25,52,2,11,all games,Buffalo Bills vs. Baltimore Ravens January 19 2025
363,25-0,25,0,25,25,11,all games,New England Patriots vs. Atlanta Falcons November 18 2021
364,23-9,23,9,32,14,11,all games,Philadelphia Eagles vs. Dallas Cowboys November 1 2020
365,33-20,33,20,53,13,11,all games,Pittsburgh Steelers vs. Cincinnati Bengals December 13 2015
366,35-32,35,32,67,3,11,all games,Miami Dolphins vs. Chicago Bears November 6 2022
367,25-10,25,10,35,15,11,all games,Las Vegas Raiders vs. New Orleans Saints December 29 2024
368,29-26,29,26,55,3,11,all games,Seattle Seahawks vs. Washington Commanders November 12 2023
369,36-22,36,22,58,14,11,all games,Carolina Panthers vs. Las Vegas Raiders September 22 2024
370,33-3,33,3,36,30,11,all games,New England Patriots vs. Pittsburgh Steelers September 8 2019
371,38-34,38,34,72,4,11,all games,Chicago Bears vs. New York Jets December 26 2010
372,41-3,41,3,44,38,11,all games,New England Patriots vs. New York Jets December 24 2016
373,35-30,35,30,65,5,11,all games,Seattle Seahawks vs. New England Patriots September 20 2020
374,45-0,45,0,45,45,11,all games,New England Patriots vs. Los Angeles Chargers December 6 2020
375,26-18,26,18,44,8,11,all games,Philadelphia Eagles vs. Washington Commanders November 14 2024
376,23-15,23,15,38,8,11,all games,Miami Dolphins vs. Los Angeles Rams November 11 2024
377,37-16,37,16,53,21,11,all games,New England Patriots vs. Buffalo Bills December 24 2017
378,15-7,15,7,22,8,10,all games,New York Giants vs. Philadelphia Eagles October 27 2013
379,32-0,32,0,32,32,10,all games,Cleveland Browns vs. Arizona Cardinals September 18 1994
380,19-12,19,12,31,7,10,all games,San Francisco 49ers vs. Dallas Cowboys January 22 2023
381,30-22,30,22,52,8,10,all games,Los Angeles Rams vs. New Orleans Saints December 21 2023
382,48-7,48,7,55,41,10,all games,New Orleans Saints vs. Philadelphia Eagles November 18 2018
383,34-26,34,26,60,8,10,all games,Dallas Cowboys vs. Washington Commanders November 24 2024
384,35-9,35,9,44,26,10,all games,Kansas City Chiefs vs. New York Jets November 1 2020
385,37-6,37,6,43,31,10,all games,Denver Broncos vs. Oakland Raiders September 30 2012
386,36-10,36,10,46,26,10,all games,Chicago Bears vs. Carolina Panthers October 6 2024
387,40-17,40,17,57,23,10,all games,Tampa Bay Buccaneers vs. Los Angeles Chargers December 15 2024
388,35-34,35,34,69,1,10,all games,Baltimore Ravens vs. Cincinnati Bengals November 7 2024
389,33-28,33,28,61,5,10,all games,Detroit Lions vs. New Orleans Saints December 3 2023
390,34-6,34,6,40,28,10,all games,Philadelphia Eagles vs. Dallas Cowboys November 10 2024
391,25-23,25,23,48,2,10,all games,Arizona Cardinals vs. Atlanta Falcons November 12 2023
392,30-9,30,9,39,21,10,all games,New Orleans Saints vs. New York Jets December 12 2021
393,32-14,32,14,46,18,9,all games,Cincinnati Bengals vs. Philadelphia Eagles December 4 2016
394,40-34,40,34,74,6,9,all games,Detroit Lions vs. San Francisco 49ers December 30 2024
395,33-16,33,16,49,17,9,all games,Tampa Bay Buccaneers vs. Philadelphia Eagles September 29 2024
396,44-21,44,21,65,23,9,all games,Kansas City Chiefs vs. Arizona Cardinals September 11 2022
397,24-15,24,15,39,9,9,all games,Atlanta Falcons vs. New Orleans Saints November 26 2023
398,23-12,23,12,35,11,9,all games,St. Louis Rams vs. Seattle Seahawks November 14 2004
399,38-9,38,9,47,29,9,all games,Buffalo Bills vs. New England Patriots December 28 2020
400,30-19,30,19,49,11,9,all games,Buffalo Bills vs. Los Angeles Rams October 9 2016
401,45-31,45,31,76,14,9,all games,Washington Commanders vs. Detroit Lions January 18 2025
402,44-10,44,10,54,34,9,all games,Jacksonville Jaguars vs. Arizona Cardinals December 10 2000
403,40-21,40,21,61,19,9,all games,San Francisco 49ers vs. Seattle Seahawks December 12 2010
404,52-21,52,21,73,31,9,all games,Pittsburgh Steelers vs. Carolina Panthers November 8 2018
405,15-14,15,14,29,1,9,all games,San Francisco 49ers vs. Chicago Bears December 3 2017
406,34-19,34,19,53,15,9,all games,Miami Dolphins vs. Las Vegas Raiders November 17 2024
407,36-7,36,7,43,29,9,all games,Chicago Bears vs. Houston Texans December 13 2020
408,18-16,18,16,34,2,9,all games,Pittsburgh Steelers vs. Baltimore Ravens November 17 2024
409,15-12,15,12,27,3,9,all games,Philadelphia Eagles vs. New Orleans Saints September 22 2024
410,41-16,41,16,57,25,9,all games,Cleveland Browns vs. Cincinnati Bengals November 7 2021
411,44-17,44,17,61,27,9,all games,Dallas Cowboys vs. Washington Redskins December 28 2014
412,18-15,18,15,33,3,9,all games,Washington Commanders vs. Chicago Bears October 27 2024
413,33-0,33,0,33,33,9,all games,New England Patriots vs. New York Jets October 21 2019
414,32-31,32,31,63,1,9,all games,Houston Texans vs. Indianapolis Colts January 8 2023
415,33-19,33,19,52,14,9,all games,Baltimore Ravens vs. San Francisco 49ers December 25 2023
416,25-7,25,7,32,18,8,all games,Minnesota Vikings vs. Chicago Bears October 27 2002
417,26-15,26,15,41,11,8,all games,Buffalo Bills vs. Pittsburgh Steelers December 13 2020
418,20-18,20,18,38,2,8,all games,Pittsburgh Steelers vs. Tampa Bay Buccaneers October 16 2022
419,34-29,34,29,63,5,8,all games,Philadelphia Eagles vs. Green Bay Packers September 6 2024
420,29-22,29,22,51,7,8,all games,Green Bay Packers vs. Detroit Lions November 23 2023
421,36-30,36,30,66,6,8,all games,Carolina Panthers vs. Arizona Cardinals December 22 2024
422,49-17,49,17,66,32,8,all games,Dallas Cowboys vs. New York Giants November 12 2023
423,21-12,21,12,33,9,8,all games,Seattle Seahawks vs. Dallas Cowboys December 24 2017
424,32-29,32,29,61,3,8,all games,Kansas City Chiefs vs. Buffalo Bills January 26 2025
425,24-18,24,18,42,6,8,all games,Chicago Bears vs. Los Angeles Rams September 29 2024
426,31-22,31,22,53,9,8,all games,Carolina Panthers vs. Detroit Lions November 16 2008
427,18-7,18,7,25,11,8,all games,Los Angeles Rams vs. Arizona Cardinals January 3 2021
428,49-14,49,14,63,35,8,all games,Indianapolis Colts vs. Houston Texans November 14 2004
429,25-21,25,21,46,4,8,all games,Arizona Cardinals vs. Detroit Lions September 15 2013
430,22-3,22,3,25,19,8,all games,Baltimore Ravens vs. St. Louis Rams October 14 2007
431,44-0,44,0,44,44,8,all games,Detroit Lions vs. Jacksonville Jaguars December 17 1995
432,48-14,48,14,62,34,8,all games,Tampa Bay Buccaneers vs. Carolina Panthers December 29 2024
433,42-27,42,27,69,15,8,all games,Kansas City Chiefs vs. New England Patriots September 7 2017
434,48-10,48,10,58,38,8,all games,Chicago Bears vs. Tampa Bay Buccaneers September 30 2018
435,43-14,43,14,57,29,8,all games,Pittsburgh Steelers vs. Kansas City Chiefs October 2 2016
436,37-28,37,28,65,9,8,all games,Denver Broncos vs. New York Jets October 1 2020
437,27-12,27,12,39,15,8,all games,Cincinnati Bengals vs. New York Jets September 25 2022
438,37-30,37,30,67,7,8,all games,Cincinnati Bengals vs. Pittsburgh Steelers November 20 2022
439,44-6,44,6,50,38,8,all games,Philadelphia Eagles vs. Detroit Lions October 31 2021
440,41-35,41,35,76,6,8,all games,Dallas Cowboys vs. Seattle Seahawks November 30 2023
441,38-30,38,30,68,8,8,all games,Indianapolis Colts vs. Tennessee Titans December 22 2024
442,44-14,44,14,58,30,8,all games,Tennessee Oilers vs. Cincinnati Bengals October 18 1998
443,45-35,45,35,80,10,8,all games,New Orleans Saints vs. Los Angeles Rams November 4 2018
444,28-18,28,18,46,10,8,all games,Kansas City Chiefs vs. San Francisco 49ers October 20 2024
445,28-12,28,12,40,16,8,all games,Tennessee Titans vs. Baltimore Ravens January 11 2020
446,36-0,36,0,36,36,7,all games,New York Giants vs. Washington Redskins October 30 2005
447,38-16,38,16,54,22,7,all games,Pittsburgh Steelers vs. Washington Redskins September 12 2016
448,47-17,47,17,64,30,7,all games,Buffalo Bills vs. New England Patriots January 15 2022
449,40-24,40,24,64,16,7,all games,Indianapolis Colts vs. New York Giants November 3 2014
450,25-19,25,19,44,6,7,all games,Atlanta Falcons vs. Washington Redskins October 11 2015
451,29-3,29,3,32,26,7,all games,Chicago Bears vs. New York Giants January 2 2022
452,32-6,32,6,38,26,7,all games,Buffalo Bills vs. New York Jets November 19 2023
453,30-15,30,15,45,15,7,all games,Miami Dolphins vs. Houston Texans November 27 2022
454,42-31,42,31,73,11,7,all games,Buffalo Bills vs. Miami Dolphins December 4 1994
455,33-18,33,18,51,15,7,all games,Philadelphia Eagles vs. New York Jets December 5 2021
456,18-10,18,10,28,8,7,all games,Pittsburgh Steelers vs. Atlanta Falcons September 8 2024
457,32-21,32,21,53,11,7,all games,Washington Commanders vs. Philadelphia Eagles November 14 2022
458,41-9,41,9,50,32,7,all games,Chicago Bears vs. Buffalo Bills November 4 2018
459,44-38,44,38,82,6,7,all games,Carolina Panthers vs. Atlanta Falcons January 5 2025
460,48-0,48,0,48,48,7,all games,Jacksonville Jaguars vs. Cleveland Browns December 3 2000
461,52-14,52,14,66,38,7,all games,Detroit Lions vs. Tennessee Titans October 27 2024
462,36-33,36,33,69,3,7,all games,Washington Commanders vs. Philadelphia Eagles December 22 2024
463,33-25,33,25,58,8,7,all games,Philadelphia Eagles vs. New York Giants December 25 2023
464,35-6,35,6,41,29,7,all games,Seattle Seahawks vs. Baltimore Ravens December 13 2015
465,32-13,32,13,45,19,7,all games,Pittsburgh Steelers vs. Las Vegas Raiders October 13 2024
466,42-13,42,13,55,29,7,all games,Seattle Seahawks vs. San Francisco 49ers December 23 2012
467,41-23,41,23,64,18,7,all games,San Francisco 49ers vs. Seattle Seahawks January 14 2023
468,30-29,30,29,59,1,7,all games,Kansas City Chiefs vs. Las Vegas Raiders October 10 2022
469,43-24,43,24,67,19,7,all games,Philadelphia Eagles vs. Tennessee Titans November 23 2014
470,26-22,26,22,48,4,7,all games,Pittsburgh Steelers vs. Cleveland Browns September 18 2023
471,34-9,34,9,43,25,7,all games,New England Patriots vs. Detroit Lions November 23 2014
472,33-22,33,22,55,11,7,all games,Arizona Cardinals vs. Chicago Bears December 5 2021
473,42-34,42,34,76,8,7,all games,Arizona Cardinals vs. New Orleans Saints October 20 2022
474,44-24,44,24,68,20,7,all games,Kansas City Chiefs vs. Denver Broncos January 3 2010
475,32-28,32,28,60,4,7,all games,Seattle Seahawks vs. Cleveland Browns October 13 2019
476,40-10,40,10,50,30,7,all games,Dallas Cowboys vs. San Francisco 49ers October 22 2017
477,27-11,27,11,38,16,7,all games,Washington Redskins vs. Denver Broncos December 24 2017
478,43-0,43,0,43,43,6,all games,New England Patriots vs. Miami Dolphins September 15 2019
479,32-10,32,10,42,22,6,all games,Atlanta Falcons vs. Arizona Cardinals October 1 2006
480,42-6,42,6,48,36,6,all games,Indianapolis Colts vs. St. Louis Rams October 25 2009
481,45-27,45,27,72,18,6,all games,New Orleans Saints vs. Detroit Lions September 13 2009
482,23-18,23,18,41,5,6,all games,Pittsburgh Steelers vs. Las Vegas Raiders September 24 2023
483,28-9,28,9,37,19,6,all games,Buffalo Bills vs. New York Jets December 30 2012
484,48-20,48,20,68,28,6,all games,Buffalo Bills vs. Miami Dolphins October 1 2023
485,47-10,47,10,57,37,6,all games,Buffalo Bills vs. Jacksonville Jaguars September 23 2024
486,37-26,37,26,63,11,6,all games,Baltimore Ravens vs. New England Patriots September 25 2022
487,22-6,22,6,28,16,6,all games,Cincinnati Bengals vs. New York Jets December 1 2019
488,49-0,49,0,49,49,6,all games,Kansas City Chiefs vs. Arizona Cardinals December 1 2002
489,49-7,49,7,56,42,6,all games,San Francisco 49ers vs. Chicago Bears September 7 2003
490,27-15,27,15,42,12,6,all games,Cincinnati Bengals vs. Miami Dolphins September 29 2022
491,42-3,42,3,45,39,6,all games,Philadelphia Eagles vs. San Francisco 49ers September 18 2005
492,55-14,55,14,69,41,6,all games,Green Bay Packers vs. Chicago Bears November 9 2014
493,34-12,34,12,46,22,6,all games,Denver Broncos vs. Cleveland Browns December 23 2012
494,51-14,51,14,65,37,6,all games,Los Angeles Rams vs. Denver Broncos December 25 2022
495,35-33,35,33,68,2,6,all games,Washington Commanders vs. Denver Broncos September 17 2023
496,41-34,41,34,75,7,6,all games,San Francisco 49ers vs. New England Patriots December 16 2012
497,38-15,38,15,53,23,6,all games,New England Patriots vs. Cleveland Browns October 16 2022
498,47-7,47,7,54,40,6,all games,Tampa Bay Buccaneers vs. Detroit Lions December 26 2020
499,38-33,38,33,71,5,6,all games,Washington Commanders vs. Cincinnati Bengals September 23 2024
500,31-12,31,12,43,19,6,all games,Tennessee Titans vs. Miami Dolphins September 30 2024
501,25-13,25,13,38,12,6,all games,Denver Broncos vs. Indianapolis Colts December 14 2017
502,44-13,44,13,57,31,6,all games,Baltimore Ravens vs. Cincinnati Bengals September 10 2012
503,38-36,38,36,74,2,6,all games,Tennessee Titans vs. Houston Texans October 21 2007
504,29-19,29,19,48,10,6,all games,Denver Broncos vs. Las Vegas Raiders November 24 2024
505,41-6,41,6,47,35,6,all games,Miami Dolphins vs. Indianapolis Colts December 10 2001
506,34-15,34,15,49,19,6,all games,Miami Dolphins vs. New England Patriots November 24 2024
507,27-27,27,27,54,0,6,all games,Arizona Cardinals vs. Detroit Lions September 8 2019
508,31-25,31,25,56,6,6,all games,Baltimore Ravens vs. Indianapolis Colts October 11 2021
509,22-9,22,9,31,13,6,all games,Kansas City Chiefs vs. Denver Broncos December 5 2021
510,25-16,25,16,41,9,6,all games,Tennessee Titans vs. Indianapolis Colts September 26 2021
511,31-31,31,31,62,0,6,all games,Houston Oilers vs. San Diego Chargers October 25 1970
512,2-0,2,0,2,2,5,all games,Chicago Bears vs. Green Bay Packers September 18 1938
513,44-27,44,27,71,17,5,all games,Tampa Bay Buccaneers vs. Atlanta Falcons January 3 2021
514,36-17,36,17,53,19,5,all games,New England Patriots vs. Pittsburgh Steelers January 22 2017
515,31-18,31,18,49,13,5,all games,Detroit Lions vs. New York Giants November 20 2022
516,38-19,38,19,57,19,5,all games,Atlanta Falcons vs. Arizona Cardinals November 27 2016
517,40-20,40,20,60,20,5,all games,Chicago Bears vs. Washington Commanders October 5 2023
518,15-9,15,9,24,6,5,all games,Atlanta Falcons vs. Las Vegas Raiders December 16 2024
519,35-15,35,15,50,20,5,all games,San Diego Chargers vs. Seattle Seahawks October 30 1994
520,45-38,45,38,83,7,5,all games,Green Bay Packers vs. San Diego Chargers November 6 2011
521,35-26,35,26,61,9,5,all games,Green Bay Packers vs. Tampa Bay Buccaneers November 20 2011
522,29-0,29,0,29,29,5,all games,New England Patriots vs. Detroit Lions October 9 2022
523,18-13,18,13,31,5,5,all games,Cleveland Browns vs. Jacksonville Jaguars September 15 2024
524,37-22,37,22,59,15,5,all games,New England Patriots vs. Buffalo Bills October 12 2014
525,42-23,42,23,65,19,5,all games,Houston Texans vs. Miami Dolphins October 25 2018
526,49-31,49,31,80,18,5,all games,Buffalo Bills vs. Cincinnati Bengals November 21 2010
527,40-0,40,0,40,40,5,all games,Dallas Cowboys vs. New York Giants September 10 2023
528,29-6,29,6,35,23,5,all games,Houston Texans vs. Oakland Raiders October 4 2009
529,45-13,45,13,58,32,5,all games,Kansas City Chiefs vs. Washington Redskins September 30 2001
530,18-14,18,14,32,4,5,all games,Indianapolis Colts vs. San Francisco 49ers November 1 2009
531,37-23,37,23,60,14,5,all games,Carolina Panthers vs. Detroit Lions December 24 2022
532,36-21,36,21,57,15,5,all games,Carolina Panthers vs. Baltimore Ravens October 28 2018
533,39-0,39,0,39,39,5,all games,Detroit Lions vs. Chicago Cardinals September 28 1936
534,14-2,14,2,16,12,5,all games,Baltimore Colts vs. Los Angeles Rams November 11 1962
535,32-20,32,20,52,12,5,all games,New York Jets vs. Miami Dolphins January 5 2025
536,25-14,25,14,39,11,5,all games,Arizona Cardinals vs. New York Giants September 14 2014
537,25-6,25,6,31,19,5,all games,New England Patriots vs. New York Jets September 19 2021
538,39-10,39,10,49,29,5,all games,Minnesota Vikings vs. Los Angeles Chargers December 15 2019
539,32-7,32,7,39,25,5,all games,San Francisco 49ers vs. Chicago Bears November 19 2012
540,12-3,12,3,15,9,5,all games,Cincinnati Bengals vs. Cleveland Browns October 29 2000
541,18-12,18,12,30,6,5,all games,Denver Broncos vs. New England Patriots October 18 2020
542,26-19,26,19,45,7,5,all games,Cincinnati Bengals vs. Las Vegas Raiders January 15 2022
543,19-11,19,11,30,8,5,all games,Indianapolis Colts vs. Chicago Bears October 4 2020
544,8-0,8,0,8,8,5,all games,Cleveland Browns vs. Buffalo Bills December 16 2007
545,42-35,42,35,77,7,5,all games,Tampa Bay Buccaneers vs. Chicago Bears October 8 1989
546,44-20,44,20,64,24,5,all games,Dallas Cowboys vs. New York Giants October 10 2021
547,42-19,42,19,61,23,5,all games,Washington Commanders vs. Tennessee Titans December 1 2024
548,40-3,40,3,43,37,5,all games,Dallas Cowboys vs. Minnesota Vikings November 20 2022
549,51-7,51,7,58,44,5,all games,San Francisco 49ers vs. Minnesota Vikings December 8 1984
550,35-19,35,19,54,16,5,all games,Denver Broncos vs. Jacksonville Jaguars October 13 2013
551,36-35,36,35,71,1,5,all games,Baltimore Ravens vs. Kansas City Chiefs September 19 2021
552,41-33,41,33,74,8,5,all games,San Francisco 49ers vs. Detroit Lions September 12 2021
553,48-3,48,3,51,45,5,all games,San Francisco 49ers vs. Tampa Bay Buccaneers October 9 2011
554,32-17,32,17,49,15,5,all games,Detroit Lions vs. San Francisco 49ers December 27 2015
555,40-13,40,13,53,27,5,all games,New York Jets vs. Miami Dolphins December 2 2007
556,43-17,43,17,60,26,5,all games,Miami Dolphins vs. San Francisco 49ers October 11 2020
557,23-23,23,23,46,0,5,all games,Cincinnati Bengals vs. Philadelphia Eagles September 27 2020
558,45-6,45,6,51,39,5,all games,Baltimore Ravens vs. Los Angeles Rams November 25 2019
559,35-35,35,35,70,0,5,all games,Denver Broncos vs. Pittsburgh Steelers September 22 1974
560,56-17,56,17,73,39,5,all games,San Francisco 49ers vs. Atlanta Falcons October 18 1992
561,47-27,47,27,74,20,4,all games,Atlanta Falcons vs. Houston Oilers September 9 1990
562,43-7,43,7,50,36,4,all games,Atlanta Falcons vs. Tampa Bay Buccaneers November 17 1991
563,37-15,37,15,52,22,4,all games,Pittsburgh Steelers vs. New York Jets October 20 2024
564,35-12,35,12,47,23,4,all games,Atlanta Falcons vs. New Orleans Saints December 5 1999
565,44-41,44,41,85,3,4,all games,Tennessee Titans vs. Detroit Lions September 23 2012
566,39-32,39,32,71,7,4,all games,New Orleans Saints vs. Seattle Seahawks October 9 2022
567,34-18,34,18,52,16,4,all games,Denver Broncos vs. Las Vegas Raiders October 6 2024
568,56-14,56,14,70,42,4,all games,Dallas Cowboys vs. Washington Football Team December 26 2021
569,33-12,33,12,45,21,4,all games,Los Angeles Rams vs. New York Giants September 30 1984
570,18-6,18,6,24,12,4,all games,Green Bay Packers vs. Minnesota Vikings December 11 1988
571,15-6,15,6,21,9,4,all games,Chicago Bears vs. Los Angeles Rams December 9 2018
572,32-3,32,3,35,29,4,all games,New York Jets vs. Jacksonville Jaguars September 18 2011
573,35-22,35,22,57,13,4,all games,Tampa Bay Buccaneers vs. Atlanta Falcons November 24 2019
574,34-25,34,25,59,9,4,all games,Oakland Raiders vs. Tennessee Titans October 30 2005
575,21-15,21,15,36,6,4,all games,New York Giants vs. Cleveland Browns September 22 2024
576,44-34,44,34,78,10,4,all games,Buffalo Bills vs. Seattle Seahawks November 8 2020
577,21-11,21,11,32,10,4,all games,New England Patriots vs. Miami Dolphins September 13 2020
578,34-11,34,11,45,23,4,all games,Pittsburgh Steelers vs. Cincinnati Bengals December 23 2023
579,26-11,26,11,37,15,4,all games,Jacksonville Jaguars vs. Indianapolis Colts January 9 2022
580,29-15,29,15,44,14,4,all games,Buffalo Bills vs. Atlanta Falcons January 2 2022
581,37-29,37,29,66,8,4,all games,Carolina Panthers vs. Green Bay Packers November 8 2015
582,25-15,25,15,40,10,4,all games,Carolina Panthers vs. Atlanta Falcons November 10 2022
583,47-0,47,0,47,47,4,all games,Houston Oilers vs. Chicago Bears November 6 1977
584,56-7,56,7,63,49,4,all games,Oakland Raiders vs. Houston Oilers December 21 1969
585,29-16,29,16,45,13,4,all games,Denver Broncos vs. Kansas City Chiefs November 30 2014
586,59-0,59,0,59,59,4,all games,New England Patriots vs. Tennessee Titans October 18 2009
587,41-19,41,19,60,22,4,all games,Detroit Lions vs. Minnesota Vikings December 17 1994
588,15-3,15,3,18,12,4,all games,Cincinnati Bengals vs. Los Angeles Rams December 19 1993
589,32-25,32,25,57,7,4,all games,New York Jets vs. Jacksonville Jaguars December 15 2024
590,19-15,19,15,34,4,4,all games,Washington Redskins vs. Dallas Cowboys September 23 1990
591,56-10,56,10,66,46,4,all games,New England Patriots vs. Buffalo Bills November 18 2007
592,39-38,39,38,77,1,4,all games,Cleveland Browns vs. Indianapolis Colts October 22 2023
593,28-15,28,15,43,13,4,all games,Pittsburgh Steelers vs. Arizona Cardinals November 9 2003
594,56-0,56,0,56,56,4,all games,Baltimore Colts vs. Green Bay Packers November 2 1958
595,30-18,30,18,48,12,4,all games,Seattle Seahawks vs. Arizona Cardinals December 8 2024
596,25-3,25,3,28,22,4,all games,New York Giants vs. Carolina Panthers October 24 2021
597,39-17,39,17,56,22,4,all games,Miami Dolphins vs. Cleveland Browns November 13 2022
598,49-13,49,13,62,36,4,all games,Baltimore Ravens vs. Cincinnati Bengals November 10 2019
599,14-11,14,11,25,3,4,all games,New Orleans Saints vs. New York Giants December 8 2024
600,36-6,36,6,42,30,4,all games,Seattle Seahawks vs. Arizona Cardinals January 3 2016
601,45-42,45,42,87,3,4,all games,Oakland Raiders vs. Cleveland Browns September 30 2018
602,43-13,43,13,56,30,4,all games,Tennessee Titans vs. Cleveland Browns September 8 2019
603,48-23,48,23,71,25,4,all games,Arizona Cardinals vs. Chicago Bears September 20 2015
604,33-26,33,26,59,7,4,all games,Minnesota Vikings vs. New England Patriots November 24 2022
605,47-14,47,14,61,33,4,all games,Washington Redskins vs. New Orleans Saints November 15 2015
606,36-31,36,31,67,5,4,all games,Los Angeles Rams vs. Seattle Seahawks November 11 2018
607,37-33,37,33,70,4,4,all games,Oakland Raiders vs. Baltimore Ravens September 20 2015
608,45-34,45,34,79,11,4,all games,Seattle Seahawks vs. Oakland Raiders October 26 1997
609,32-27,32,27,59,5,4,all games,Tennessee Titans vs. Houston Texans November 24 2024
610,40-32,40,32,72,8,4,all games,Las Vegas Raiders vs. Kansas City Chiefs October 11 2020
611,16-16,16,16,32,0,4,all games,Detroit Lions vs. Pittsburgh Steelers November 14 2021
612,43-37,43,37,80,6,4,all games,New Orleans Saints vs. Atlanta Falcons September 23 2018
613,32-16,32,16,48,16,4,all games,Jacksonville Jaguars vs. New England Patriots October 20 2024
614,29-25,29,25,54,4,4,all games,Tampa Bay Buccaneers vs. Atlanta Falcons December 10 2023
615,40-33,40,33,73,7,4,all games,Philadelphia Eagles vs. Green Bay Packers November 27 2022
616,44-23,44,23,67,21,4,all games,Kansas City Chiefs vs. San Francisco 49ers October 23 2022
617,36-13,36,13,49,23,4,all games,New England Patriots vs. Tennessee Titans November 28 2021
618,48-22,48,22,70,26,4,all games,Philadelphia Eagles vs. New York Giants December 11 2022
619,40-16,40,16,56,24,4,all games,New York Giants vs. Washington Redskins December 9 2018
620,45-20,45,20,65,25,4,all games,Tampa Bay Buccaneers vs. Las Vegas Raiders October 25 2020
621,37-19,37,19,56,18,4,all games,Tennessee Titans vs. Jacksonville Jaguars October 10 2021
622,62-7,62,7,69,55,3,all games,New Orleans Saints vs. Indianapolis Colts October 23 2011
623,43-28,43,28,71,15,3,all games,Atlanta Falcons vs. Tampa Bay Buccaneers November 3 2016
624,34-22,34,22,56,12,3,all games,Chicago Bears vs. Detroit Lions November 11 2018
625,51-23,51,23,74,28,3,all games,Philadelphia Eagles vs. Denver Broncos November 5 2017
626,38-32,38,32,70,6,3,all games,Atlanta Falcons vs. New Orleans Saints January 1 2017
627,34-32,34,32,66,2,3,all games,Atlanta Falcons vs. Tampa Bay Buccaneers December 30 2018
628,40-23,40,23,63,17,3,all games,Atlanta Falcons vs. Minnesota Vikings October 18 2020
629,39-35,39,35,74,4,3,all games,Detroit Lions vs. Indianapolis Colts September 11 2016
630,51-0,51,0,51,51,3,all games,Cleveland Browns vs. Pittsburgh Steelers September 10 1989
631,57-0,57,0,57,57,3,all games,Chicago Bears vs. Baltimore Colts November 25 1962
632,18-0,18,0,18,18,3,all games,Cleveland Browns vs. Cincinnati Bengals November 25 2001
633,33-23,33,23,56,10,3,all games,Cincinnati Bengals vs. Cleveland Browns December 29 2019
634,50-17,50,17,67,33,3,all games,Seattle Seahawks vs. Buffalo Bills December 16 2012
635,5-0,5,0,5,5,3,all games,Buffalo Bills vs. Cincinnati Bengals October 22 1978
636,43-23,43,23,66,20,3,all games,Pittsburgh Steelers vs. Baltimore Ravens November 2 2014
637,45-16,45,16,61,29,3,all games,Buffalo Bills vs. San Francisco 49ers October 16 2016
638,48-19,48,19,67,29,3,all games,Buffalo Bills vs. Denver Broncos December 19 2020
639,43-21,43,21,64,22,3,all games,Buffalo Bills vs. Washington Football Team September 26 2021
640,38-22,38,22,60,16,3,all games,Los Angeles Rams vs. Houston Texans October 31 2021
641,52-31,52,31,83,21,3,all games,Carolina Panthers vs. Cincinnati Bengals December 8 2002
642,48-16,48,16,64,32,3,all games,Carolina Panthers vs. Tampa Bay Buccaneers December 24 2011
643,40-6,40,6,46,34,3,all games,Los Angeles Rams vs. New York Giants December 10 1973
644,37-9,37,9,46,28,3,all games,Philadelphia Eagles vs. Dallas Cowboys November 19 2017
645,44-28,44,28,72,16,3,all games,Cincinnati Bengals vs. Cleveland Browns December 12 1999
646,56-20,56,20,76,36,3,all games,Philadelphia Eagles vs. Los Angeles Rams October 7 1950
647,51-17,51,17,68,34,3,all games,Los Angeles Rams vs. New York Giants November 5 2017
648,48-13,48,13,61,35,3,all games,Denver Broncos vs. Tampa Bay Buccaneers November 7 1976
649,25-12,25,12,37,13,3,all games,Indianapolis Colts vs. Tampa Bay Buccaneers November 29 2015
650,39-14,39,14,53,25,3,all games,Chicago Bears vs. New Orleans Saints January 21 2007
651,48-24,48,24,72,24,3,all games,Chicago Bears vs. Detroit Lions October 4 2009
652,37-8,37,8,45,29,3,all games,San Francisco 49ers vs. Green Bay Packers November 24 2019
653,38-25,38,25,63,13,3,all games,Seattle Seahawks vs. Atlanta Falcons September 13 2020
654,37-36,37,36,73,1,3,all games,Cincinnati Bengals vs. Atlanta Falcons September 30 2018
655,55-7,55,7,62,48,3,all games,Green Bay Packers vs. Tennessee Titans December 23 2012
656,49-28,49,28,77,21,3,all games,New England Patriots vs. Miami Dolphins October 21 2007
657,52-20,52,20,72,32,3,all games,Denver Broncos vs. Philadelphia Eagles September 29 2013
658,42-37,42,37,79,5,3,all games,Kansas City Chiefs vs. Pittsburgh Steelers September 16 2018
659,47-13,47,13,60,34,3,all games,Cleveland Browns vs. Philadelphia Eagles November 24 1968
660,51-45,51,45,96,6,3,all games,Arizona Cardinals vs. Green Bay Packers January 10 2010
661,32-23,32,23,55,9,3,all games,Las Vegas Raiders vs. Denver Broncos October 2 2022
662,52-0,52,0,52,52,3,all games,St. Louis Rams vs. Oakland Raiders November 30 2014
663,51-27,51,27,78,24,3,all games,Tampa Bay Buccaneers vs. New Orleans Saints October 13 2024
664,39-26,39,26,65,13,3,all games,New England Patriots vs. Pittsburgh Steelers November 14 2010
665,55-21,55,21,76,34,3,all games,Indianapolis Colts vs. New Orleans Saints September 28 2003
666,49-24,49,24,73,25,3,all games,New Orleans Saints vs. New York Giants November 28 2011
667,23-8,23,8,31,15,3,all games,Oakland Raiders vs. Kansas City Chiefs September 14 2008
668,49-27,49,27,76,22,3,all games,Indianapolis Colts vs. Washington Redskins November 30 2014
669,28-11,28,11,39,17,3,all games,Indianapolis Colts vs. Minnesota Vikings September 20 2020
670,36-34,36,34,70,2,3,all games,Miami Dolphins vs. Los Angeles Chargers September 10 2023
671,32-30,32,30,62,2,3,all games,Arizona Cardinals vs. Buffalo Bills November 15 2020
672,29-9,29,9,38,20,3,all games,Arizona Cardinals vs. Chicago Bears November 3 2024
673,31-2,31,2,33,29,3,all games,Baltimore Ravens vs. Houston Texans December 25 2024
674,39-31,39,31,70,8,3,all games,Detroit Lions vs. Dallas Cowboys December 31 2006
675,52-10,52,10,62,42,3,all games,Philadelphia Eagles vs. St. Louis Cardinals November 8 1981
676,59-14,59,14,73,45,3,all games,Oakland Raiders vs. Denver Broncos October 24 2010
677,41-22,41,22,63,19,3,all games,Los Angeles Chargers vs. Cincinnati Bengals December 5 2021
678,52-17,52,17,69,35,3,all games,Washington Redskins vs. San Francisco 49ers October 23 2005
679,41-37,41,37,78,4,3,all games,Los Angeles Chargers vs. Pittsburgh Steelers November 21 2021
680,20-8,20,8,28,12,3,all games,Dallas Cowboys vs. New York Giants December 14 2008
681,40-28,40,28,68,12,3,all games,Green Bay Packers vs. Chicago Bears December 17 1989
682,38-37,38,37,75,1,3,all games,Detroit Lions vs. Cleveland Browns November 22 2009
683,39-36,39,36,75,3,3,all games,Minnesota Vikings vs. Indianapolis Colts December 17 2022
684,39-7,39,7,46,32,3,all games,Houston Oilers vs. Miami Dolphins October 1 1989
685,13-2,13,2,15,11,3,all games,Detroit Lions vs. Minnesota Vikings December 5 1983
686,55-20,55,20,75,35,3,all games,Baltimore Ravens vs. Oakland Raiders November 11 2012
687,36-27,36,27,63,9,3,all games,Detroit Lions vs. Washington Commanders September 18 2022
688,55-24,55,24,79,31,3,all games,New York Giants vs. Green Bay Packers December 20 1986
689,36-24,36,24,60,12,3,all games,San Francisco 49ers vs. Seattle Seahawks October 10 2024
690,45-41,45,41,86,4,3,all games,Washington Redskins vs. Chicago Bears October 20 2013
691,41-25,41,25,66,16,3,all games,Green Bay Packers vs. Chicago Bears November 29 2020
692,32-18,32,18,50,14,3,all games,Green Bay Packers vs. Los Angeles Rams January 16 2021
693,35-8,35,8,43,27,3,all games,Miami Dolphins vs. Buffalo Bills November 20 2011
694,42-30,42,30,72,12,3,all games,Kansas City Chiefs vs. Philadelphia Eagles October 3 2021
695,42-36,42,36,78,6,3,all games,Kansas City Chiefs vs. Buffalo Bills January 23 2022
696,26-25,26,25,51,1,3,all games,Kansas City Chiefs vs. Cincinnati Bengals September 15 2024
697,7-2,7,2,9,5,3,all games,New England Patriots vs. Cincinnati Bengals December 12 1993
698,26-8,26,8,34,18,3,all games,Los Angeles Chargers vs. New Orleans Saints October 27 2024
699,30-25,30,25,55,5,3,all games,Seattle Seahawks vs. Los Angeles Rams January 5 2025
700,11-7,11,7,18,4,3,all games,New Orleans Saints vs. San Francisco 49ers October 29 1995
701,51-10,51,10,61,41,3,all games,Minnesota Vikings vs. Houston Oilers October 13 1974
702,38-26,38,26,64,12,3,all games,Washington Redskins vs. Minnesota Vikings October 14 2012
703,48-27,48,27,75,21,3,all games,New Orleans Saints vs. New York Giants October 18 2009
704,50-21,50,21,71,29,3,all games,Washington Redskins vs. New York Giants September 19 1999
705,24-2,24,2,26,22,3,all games,New York Giants vs. Atlanta Falcons January 8 2012
706,35-25,35,25,60,10,3,all games,Washington Redskins vs. Buffalo Bills December 20 2015
707,48-28,48,28,76,20,3,all games,New York Jets vs. Buffalo Bills September 9 2012
708,49-26,49,26,75,23,3,all games,New England Patriots vs. Oakland Raiders December 14 2008
709,51-21,51,21,72,30,3,all games,Los Angeles Rams vs. Green Bay Packers September 21 1980
710,45-29,45,29,74,16,3,all games,San Francisco 49ers vs. Arizona Cardinals December 17 2023
711,43-35,43,35,78,8,3,all games,Philadelphia Eagles vs. Los Angeles Rams December 10 2017
712,47-41,47,41,88,6,2,all games,Buffalo Bills vs. Houston Oilers September 24 1989
713,29-18,29,18,47,11,2,all games,Atlanta Falcons vs. Arizona Cardinals November 30 2014
714,39-28,39,28,67,11,2,all games,Atlanta Falcons vs. Dallas Cowboys September 27 2015
715,33-32,33,32,65,1,2,all games,Atlanta Falcons vs. Green Bay Packers October 30 2016
716,43-6,43,6,49,37,2,all games,Atlanta Falcons vs. Las Vegas Raiders November 29 2020
717,13-8,13,8,21,5,2,all games,Atlanta Falcons vs. New York Jets December 3 2023
718,55-0,55,0,55,55,2,all games,Houston Oilers vs. Oakland Raiders September 9 1961
719,22-12,22,12,34,10,2,all games,Miami Dolphins vs. New England Patriots December 20 2020
720,44-16,44,16,60,28,2,all games,Carolina Panthers vs. Washington Redskins November 22 2015
721,51-24,51,24,75,27,2,all games,Indianapolis Colts vs. Tennessee Titans December 5 2004
722,51-3,51,3,54,48,2,all games,Buffalo Bills vs. Los Angeles Raiders January 20 1991
723,47-34,47,34,81,13,2,all games,Buffalo Bills vs. Miami Dolphins December 19 1993
724,45-33,45,33,78,12,2,all games,New York Giants vs. Indianapolis Colts December 29 2024
725,42-32,42,32,74,10,2,all games,Tampa Bay Buccaneers vs. Oakland Raiders November 4 2012
726,16-8,16,8,24,8,2,all games,Carolina Panthers vs. Dallas Cowboys September 9 2018
727,46-10,46,10,56,36,2,all games,Chicago Bears vs. New England Patriots January 26 1986
728,18-3,18,3,21,15,2,all games,Pittsburgh Steelers vs. Minnesota Vikings December 18 2005
729,28-8,28,8,36,20,2,all games,Kansas City Chiefs vs. Oakland Raiders September 6 1998
730,47-25,47,25,72,22,2,all games,Tennessee Titans vs. Green Bay Packers November 13 2016
731,53-7,53,7,60,46,2,all games,San Diego Chargers vs. New York Jets November 2 1963
732,52-35,52,35,87,17,2,all games,Chicago Bears vs. Minnesota Vikings December 17 1961
733,45-37,45,37,82,8,2,all games,Indianapolis Colts vs. Cincinnati Bengals November 20 2005
734,61-7,61,7,68,54,2,all games,Cincinnati Bengals vs. Houston Oilers December 17 1989
735,44-9,44,9,53,35,2,all games,Kansas City Chiefs vs. San Francisco 49ers November 30 1997
736,35-18,35,18,53,17,2,all games,Green Bay Packers vs. Washington Redskins January 10 2016
737,48-41,48,41,89,7,2,all games,New Orleans Saints vs. Arizona Cardinals December 18 2016
738,36-19,36,19,55,17,2,all games,Los Angeles Rams vs. Cleveland Browns December 3 2023
739,44-30,44,30,74,14,2,all games,Cincinnati Bengals vs. San Francisco 49ers December 5 1999
740,42-29,42,29,71,13,2,all games,Detroit Lions vs. Seattle Seahawks September 30 2024
741,62-14,62,14,76,48,2,all games,Cleveland Browns vs. New York Giants December 6 1953
742,45-12,45,12,57,33,2,all games,New York Giants vs. Washington Redskins December 21 2009
743,49-38,49,38,87,11,2,all games,Cleveland Browns vs. Dallas Cowboys October 4 2020
744,56-21,56,21,77,35,2,all games,Philadelphia Eagles vs. Detroit Lions September 23 2007
745,45-26,45,26,71,19,2,all games,Tennessee Titans vs. Indianapolis Colts November 29 2020
746,58-20,58,20,78,38,2,all games,Baltimore Colts vs. Buffalo Bills December 12 1976
747,9-5,9,5,14,4,2,all games,Indianapolis Colts vs. New York Jets November 11 1984
748,55-23,55,23,78,32,2,all games,Philadelphia Eagles vs. Washington Commanders January 26 2025
749,45-30,45,30,75,15,2,all games,Green Bay Packers vs. Chicago Bears December 12 2021
750,60-0,60,0,60,60,2,all games,Chicago Cardinals vs. Rochester Jeffersons October 7 1923
751,3-2,3,2,5,1,2,all games,Chicago Cardinals vs. Milwaukee Badgers October 24 1926
752,40-37,40,37,77,3,2,all games,New York Jets vs. Miami Dolphins October 23 2000
753,38-8,38,8,46,30,2,all games,Arizona Cardinals vs. Green Bay Packers December 27 2015
754,47-24,47,24,71,23,2,all games,Arizona Cardinals vs. San Francisco 49ers January 5 2025
755,52-7,52,7,59,45,2,all games,New England Patriots vs. Washington Redskins October 28 2007
756,46-21,46,21,67,25,2,all games,Dallas Cowboys vs. St. Louis Cardinals November 23 1967
757,6-2,6,2,8,4,2,all games,Dallas Cowboys vs. Cleveland Browns December 12 1970
758,49-37,49,37,86,12,2,all games,St. Louis Rams vs. Minnesota Vikings January 16 2000
759,37-18,37,18,55,19,2,all games,Dallas Cowboys vs. New York Giants November 4 2019
760,47-16,47,16,63,31,2,all games,Dallas Cowboys vs. Washington Redskins December 29 2019
761,40-39,40,39,79,1,2,all games,Dallas Cowboys vs. Atlanta Falcons September 20 2020
762,35-29,35,29,64,6,2,all games,Dallas Cowboys vs. New England Patriots October 17 2021
763,43-3,43,3,46,40,2,all games,Dallas Cowboys vs. Atlanta Falcons November 14 2021
764,49-29,49,29,78,20,2,all games,Dallas Cowboys vs. Chicago Bears October 30 2022
765,50-34,50,34,84,16,2,all games,San Diego Chargers vs. Cincinnati Bengals December 20 1982
766,40-38,40,38,78,2,2,all games,Los Angeles Raiders vs. Dallas Cowboys October 23 1983
767,17-11,17,11,28,6,2,all games,San Francisco 49ers vs. Philadelphia Eagles September 19 2021
768,51-48,51,48,99,3,2,all games,Denver Broncos vs. Dallas Cowboys October 6 2013
769,11-10,11,10,21,1,2,all games,Denver Broncos vs. San Francisco 49ers September 25 2022
770,41-32,41,32,73,9,2,all games,Denver Broncos vs. Cleveland Browns December 2 2024
771,11-3,11,3,14,8,2,all games,Minnesota Vikings vs. Green Bay Packers September 30 1973
772,23-2,23,2,25,21,2,all games,Detroit Lions vs. Los Angeles Rams September 14 1963
773,13-11,13,11,24,2,2,all games,Detroit Lions vs. Philadelphia Eagles November 16 1986
774,37-25,37,25,62,12,2,all games,Detroit Lions vs. Washington Redskins October 31 2010
775,49-35,49,35,84,14,2,all games,Detroit Lions vs. Carolina Panthers November 20 2011
776,35-11,35,11,46,24,2,all games,Detroit Lions vs. Green Bay Packers December 31 2017
777,12-8,12,8,20,4,2,all games,Tennessee Oilers vs. Baltimore Ravens October 11 1998
778,12-12,12,12,24,0,2,all games,Chicago Bears vs. Green Bay Packers September 30 1928
779,56-3,56,3,59,53,2,all games,New England Patriots vs. New York Jets September 9 1979
780,48-25,48,25,73,23,2,all games,Tampa Bay Buccaneers vs. Atlanta Falcons September 19 2021
781,44-31,44,31,75,13,2,all games,Green Bay Packers vs. Minnesota Vikings October 27 2013
782,48-32,48,32,80,16,2,all games,Green Bay Packers vs. Dallas Cowboys January 14 2024
783,41-29,41,29,70,12,2,all games,Houston Texans vs. Los Angeles Chargers December 26 2021
784,45-19,45,19,64,26,2,all games,Philadelphia Eagles vs. New York Jets December 18 2011
785,36-26,36,26,62,10,2,all games,San Francisco 49ers vs. Arizona Cardinals November 17 2019
786,49-6,49,6,55,43,2,all games,New York Giants vs. St. Louis Cardinals December 7 1969
787,32-24,32,24,56,8,2,all games,Philadelphia Eagles vs. Minnesota Vikings October 15 1990
788,19-18,19,18,37,1,2,all games,Tampa Bay Buccaneers vs. Arizona Cardinals September 28 1997
789,52-9,52,9,61,43,2,all games,Oakland Raiders vs. Carolina Panthers December 24 2000
790,42-41,42,41,83,1,2,all games,Kansas City Chiefs vs. San Diego Chargers October 19 1986
791,48-30,48,30,78,18,2,all games,Minnesota Vikings vs. Philadelphia Eagles December 15 2013
792,40-26,40,26,66,14,2,all games,Kansas City Chiefs vs. Jacksonville Jaguars September 8 2019
793,40-9,40,9,49,31,2,all games,Kansas City Chiefs vs. Oakland Raiders December 1 2019
794,43-16,43,16,59,27,2,all games,Kansas City Chiefs vs. Denver Broncos October 25 2020
795,33-29,33,29,62,4,2,all games,Kansas City Chiefs vs. Cleveland Browns September 12 2021
796,19-8,19,8,27,11,2,all games,Kansas City Chiefs vs. Denver Broncos October 12 2023
797,17-5,17,5,22,12,2,all games,Philadelphia Eagles vs. Phoenix Cardinals October 15 1989
798,44-26,44,26,70,18,2,all games,Miami Dolphins vs. Houston Texans October 25 2015
799,42-38,42,38,80,4,2,all games,Miami Dolphins vs. Baltimore Ravens September 18 2022
800,11-6,11,6,17,5,2,all games,Miami Dolphins vs. New York Jets January 8 2023
801,54-13,54,13,67,41,2,all games,New England Patriots vs. New York Jets October 24 2021
802,49-20,49,20,69,29,2,all games,Philadelphia Eagles vs. Oakland Raiders November 3 2013
803,50-10,50,10,60,40,2,all games,New England Patriots vs. Jacksonville Jaguars January 2 2022
804,48-26,48,26,74,22,2,all games,Los Angeles Rams vs. San Francisco 49ers October 5 1980
805,37-32,37,32,69,5,2,all games,Los Angeles Rams vs. Tampa Bay Buccaneers September 25 2016
806,51-29,51,29,80,22,2,all games,Seattle Seahawks vs. Detroit Lions January 2 2022
807,52-49,52,49,101,3,2,all games,New Orleans Saints vs. New York Giants November 1 2015
808,36-25,36,25,61,11,2,all games,New Orleans Saints vs. Chicago Bears October 20 2019
809,47-21,47,21,68,26,2,all games,New England Patriots vs. Baltimore Colts November 23 1980
810,40-22,40,22,62,18,2,all games,Philadelphia Eagles vs. Kansas City Chiefs February 9 2025
811,52-28,52,28,80,24,2,all games,New England Patriots vs. Buffalo Bills September 30 2012
812,53-0,53,0,53,53,2,all games,New York Giants vs. Washington Redskins November 5 1961
813,49-3,49,3,52,46,2,all games,New York Giants vs. San Francisco 49ers January 4 1987
814,47-3,47,3,50,44,2,all games,Baltimore Ravens vs. Buffalo Bills September 9 2018
815,16-11,16,11,27,5,2,all games,Tampa Bay Buccaneers vs. New Orleans Saints December 11 2016
816,30-8,30,8,38,22,2,all games,New York Jets vs. Tennessee Titans December 13 2015
817,24-8,24,8,32,16,2,all games,Philadelphia Eagles vs. Washington Commanders September 25 2022
818,42-33,42,33,75,9,2,all games,Houston Oilers vs. Denver Broncos November 26 1995
819,44-42,44,42,86,2,2,all games,Los Angeles Rams vs. Buffalo Bills December 8 2024
820,40-29,40,29,69,11,2,all games,Philadelphia Eagles vs. New Orleans Saints November 21 2021
821,34-34,34,34,68,0,2,all games,Atlanta Falcons vs. Pittsburgh Steelers November 10 2002
822,32-9,32,9,41,23,2,all games,Tampa Bay Buccaneers vs. Philadelphia Eagles January 15 2024
823,52-24,52,24,76,28,2,all games,Pittsburgh Steelers vs. San Diego Chargers November 25 1984
824,38-29,38,29,67,9,2,all games,Pittsburgh Steelers vs. Philadelphia Eagles October 11 2020
825,37-12,37,12,49,25,2,all games,Las Vegas Raiders vs. Denver Broncos November 15 2020
826,39-3,39,3,42,36,2,all games,San Diego Chargers vs. New York Jets October 14 1990
827,22-5,22,5,27,17,2,all games,Seattle Seahawks vs. Cleveland Browns November 14 1993
828,41-36,41,36,77,5,2,all games,Seattle Seahawks vs. New Orleans Saints January 8 2011
829,31-8,31,8,39,23,2,all games,Baltimore Ravens vs. New Orleans Saints December 19 1999
830,47-42,47,42,89,5,2,all games,Los Angeles Chargers vs. Cleveland Browns October 10 2021
831,30-30,30,30,60,0,2,all games,Chicago Bears vs. San Francisco 49ers November 13 1966
832,14-5,14,5,19,9,2,all games,Tampa Bay Buccaneers vs. Seattle Seahawks November 27 2016
833,50-14,50,14,64,36,2,all games,San Francisco 49ers vs. Arizona Cardinals December 7 2003
834,62-0,62,0,62,62,1,all games,Akron Pros vs. Oorang Indians October 29 1922
835,48-31,48,31,79,17,1,all games,Atlanta Falcons vs. Chicago Bears November 16 1969
836,46-6,46,6,52,40,1,all games,Atlanta Falcons vs. Chicago Bears October 14 1973
837,39-34,39,34,73,5,1,all games,Atlanta Falcons vs. San Francisco 49ers October 13 1991
838,8-5,8,5,13,3,1,all games,Atlanta Falcons vs. Los Angeles Rams October 2 1994
839,36-15,36,15,51,21,1,all games,Atlanta Falcons vs. Detroit Lions December 22 2002
840,45-32,45,32,77,13,1,all games,Atlanta Falcons vs. New Orleans Saints September 26 2016
841,48-33,48,33,81,15,1,all games,Atlanta Falcons vs. Carolina Panthers October 2 2016
842,58-24,58,24,82,34,1,all games,Buffalo Bills vs. Miami Dolphins September 18 1966
843,46-31,46,31,77,15,1,all games,Buffalo Bills vs. New York Jets September 23 1979
844,52-34,52,34,86,18,1,all games,Buffalo Bills vs. Pittsburgh Steelers September 8 1991
845,27-18,27,18,45,9,1,all games,Buffalo Bills vs. Green Bay Packers September 10 2000
846,45-39,45,39,84,6,1,all games,Buffalo Bills vs. Minnesota Vikings September 15 2002
847,54-31,54,31,85,23,1,all games,Buffalo Bills vs. Kansas City Chiefs November 23 2008
848,56-26,56,26,82,30,1,all games,Buffalo Bills vs. Miami Dolphins January 3 2021
849,48-42,48,42,90,6,1,all games,Buffalo Bills vs. Detroit Lions December 15 2024
850,44-11,44,11,55,33,1,all games,Carolina Panthers vs. Atlanta Falcons January 1 2006
851,49-15,49,15,64,34,1,all games,Carolina Panthers vs. Arizona Cardinals January 24 2016
852,46-27,46,27,73,19,1,all games,Carolina Panthers vs. San Francisco 49ers September 18 2016
853,20-2,20,2,22,18,1,all games,Chicago Bears vs. Cleveland Rams October 10 1937
854,73-0,73,0,73,73,1,all games,Chicago Bears vs. Washington Redskins December 8 1940
855,58-27,58,27,85,31,1,all games,Chicago Bears vs. Baltimore Colts October 21 1956
856,61-20,61,20,81,41,1,all games,Chicago Bears vs. San Francisco 49ers December 12 1965
857,51-20,51,20,71,31,1,all games,Chicago Bears vs. Tennessee Titans November 4 2012
858,53-10,53,10,63,43,1,all games,Cleveland Bulldogs vs. Milwaukee Badgers November 27 1924
859,61-17,61,17,78,44,1,all games,Cincinnati Bengals vs. Houston Oilers December 17 1972
860,50-24,50,24,74,26,1,all games,Cincinnati Bengals vs. Dallas Cowboys December 8 1985
861,56-23,56,23,79,33,1,all games,Cincinnati Bengals vs. Tampa Bay Buccaneers October 29 1989
862,58-48,58,48,106,10,1,all games,Cincinnati Bengals vs. Cleveland Browns November 28 2004
863,49-9,49,9,58,40,1,all games,Cincinnati Bengals vs. New York Jets October 27 2013
864,37-37,37,37,74,0,1,all games,Carolina Panthers vs. Cincinnati Bengals October 12 2014
865,22-18,22,18,40,4,1,all games,Cincinnati Bengals vs. New England Patriots December 24 2022
866,66-14,66,14,80,52,1,all games,Cleveland Browns vs. Brooklyn Dodgers December 8 1946
867,61-14,61,14,75,47,1,all games,Cleveland Browns vs. Los Angeles Dons October 14 1949
868,35-2,35,2,37,33,1,all games,Cleveland Browns vs. Chicago Hornets November 6 1949
869,8-3,8,3,11,5,1,all games,Cleveland Browns vs. New York Giants December 17 1950
870,62-3,62,3,65,59,1,all games,Cleveland Browns vs. Washington Redskins November 7 1954
871,48-34,48,34,82,14,1,all games,Cleveland Browns vs. New York Giants December 18 1960
872,49-40,49,40,89,9,1,all games,Cleveland Browns vs. New York Giants December 4 1966
873,11-8,11,8,19,3,1,all games,Cleveland Browns vs. Houston Oilers October 13 1994
874,40-25,40,25,65,15,1,all games,Cleveland Browns vs. Baltimore Ravens September 29 2019
875,48-37,48,37,85,11,1,all games,Cleveland Browns vs. Pittsburgh Steelers January 10 2021
876,51-38,51,38,89,13,1,all games,Baltimore Colts vs. Chicago Bears October 4 1958
877,52-19,52,19,71,33,1,all games,Baltimore Colts vs. New York Jets November 16 1975
878,10-8,10,8,18,2,1,all games,Baltimore Colts vs. New York Jets October 7 1979
879,47-6,47,6,53,41,1,all games,Indianapolis Colts vs. Buffalo Bills October 4 1987
880,42-26,42,26,68,16,1,all games,Indianapolis Colts vs. Buffalo Bills September 23 2001
881,39-33,39,33,72,6,1,all games,Indianapolis Colts vs. Denver Broncos October 20 2013
882,45-44,45,44,89,1,1,all games,Indianapolis Colts vs. Kansas City Chiefs January 4 2014
883,37-5,37,5,42,32,1,all games,Indianapolis Colts vs. Buffalo Bills October 21 2018
884,41-15,41,15,56,26,1,all games,Indianapolis Colts vs. Buffalo Bills November 21 2021
885,63-35,63,35,98,28,1,all games,Chicago Cardinals vs. New York Giants October 17 1948
886,65-20,65,20,85,45,1,all games,Chicago Cardinals vs. New York Bulldogs November 13 1949
887,55-13,55,13,68,42,1,all games,Chicago Cardinals vs. Baltimore Colts October 2 1950
888,53-14,53,14,67,39,1,all games,Chicago Cardinals vs. Chicago Bears November 27 1955
889,33-33,33,33,66,0,1,all games,Cleveland Browns vs. St. Louis Cardinals September 20 1964
890,40-30,40,30,70,10,1,all games,St. Louis Cardinals vs. Washington Redskins September 20 1981
891,40-11,40,11,51,29,1,all games,Arizona Cardinals vs. Indianapolis Colts November 24 2013
892,31-5,31,5,36,26,1,all games,Arizona Cardinals vs. Houston Texans October 24 2021
893,59-13,59,13,72,46,1,all games,Dallas Cowboys vs. Detroit Lions September 15 1968
894,30-11,30,11,41,19,1,all games,Dallas Cowboys vs. Philadelphia Eagles January 7 1996
895,40-15,40,15,55,25,1,all games,Dallas Cowboys vs. Minnesota Vikings December 28 1996
896,43-39,43,39,82,4,1,all games,Dallas Cowboys vs. Seattle Seahawks December 6 2004
897,51-26,51,26,77,25,1,all games,Dallas Cowboys vs. Philadelphia Eagles January 8 2022
898,54-19,54,19,73,35,1,all games,Dallas Cowboys vs. Indianapolis Colts December 4 2022
899,43-20,43,20,63,23,1,all games,Dallas Cowboys vs. Los Angeles Rams October 29 2023
900,38-38,38,38,76,0,1,all games,Buffalo Bills vs. Denver Broncos November 27 1960
901,46-3,46,3,49,43,1,all games,Denver Broncos vs. New York Jets September 19 1976
902,34-8,34,8,42,26,1,all games,Denver Broncos vs. New England Patriots November 17 1996
903,22-8,22,8,30,14,1,all games,Denver Broncos vs. Oakland Raiders November 30 2003
904,51-28,51,28,79,23,1,all games,Denver Broncos vs. Tennessee Titans December 8 2013
905,29-12,29,12,41,17,1,all games,Denver Broncos vs. Cleveland Browns November 26 2023
906,11-0,11,0,11,11,1,all games,Detroit Lions vs. Tampa Bay Buccaneers September 4 1983
907,40-27,40,27,67,13,1,all games,Detroit Lions vs. Denver Broncos November 22 1990
908,26-12,26,12,38,14,1,all games,Detroit Lions vs. Arizona Cardinals December 5 2004
909,47-9,47,9,56,38,1,all games,Detroit Lions vs. Dallas Cowboys October 13 2024
910,52-6,52,6,58,46,1,all games,Detroit Lions vs. Jacksonville Jaguars November 17 2024
911,10-2,10,2,12,8,1,all games,Duluth Eskimos vs. Canton Bulldogs November 21 1926
912,5-3,5,3,8,2,1,all games,Frankford Yellow Jackets vs. New York Giants October 17 1925
913,54-0,54,0,54,54,1,all games,Frankford Yellow Jackets vs. Buffalo Bisons October 15 1927
914,9-2,9,2,11,7,1,all games,Green Bay Packers vs. Chicago Cardinals October 6 1929
915,50-7,50,7,57,43,1,all games,Green Bay Packers vs. Detroit Lions November 24 1940
916,54-7,54,7,61,47,1,all games,Green Bay Packers vs. Pittsburgh Steelers November 23 1941
917,57-21,57,21,78,36,1,all games,Green Bay Packers vs. Detroit Lions October 7 1945
918,48-47,48,47,95,1,1,all games,Green Bay Packers vs. Washington Redskins October 17 1983
919,43-10,43,10,53,33,1,all games,Green Bay Packers vs. Detroit Lions October 6 1985
920,44-40,44,40,84,4,1,all games,Green Bay Packers vs. Detroit Lions November 27 1986
921,39-13,39,13,52,26,1,all games,Green Bay Packers vs. Philadelphia Eagles September 9 1996
922,52-3,52,3,55,49,1,all games,Green Bay Packers vs. New Orleans Saints October 9 2005
923,49-23,49,23,72,26,1,all games,Green Bay Packers vs. Denver Broncos October 2 2011
924,46-16,46,16,62,30,1,all games,Green Bay Packers vs. Oakland Raiders December 11 2011
925,53-20,53,20,73,33,1,all games,Green Bay Packers vs. Philadelphia Eagles November 16 2014
926,43-34,43,34,77,9,1,all games,Green Bay Packers vs. Minnesota Vikings September 13 2020
927,24-5,24,5,29,19,1,all games,Houston Texans vs. Chicago Bears December 19 2004
928,57-14,57,14,71,43,1,all games,Houston Texans vs. Tennessee Titans October 1 2017
929,53-32,53,32,85,21,1,all games,Houston Texans vs. Atlanta Falcons October 6 2019
930,39-37,39,37,76,2,1,all games,Houston Texans vs. Tampa Bay Buccaneers November 5 2023
931,32-12,32,12,44,20,1,all games,Houston Texans vs. Los Angeles Chargers January 11 2025
932,24-11,24,11,35,13,1,all games,Jacksonville Jaguars vs. Cincinnati Bengals November 8 1998
933,49-11,49,11,60,38,1,all games,Jacksonville Jaguars vs. Oakland Raiders December 23 2007
934,51-16,51,16,67,35,1,all games,Jacksonville Jaguars vs. Indianapolis Colts December 13 2015
935,43-11,43,11,54,32,1,all games,Dallas Texans vs. Oakland Raiders November 26 1961
936,59-7,59,7,66,52,1,all games,Kansas City Chiefs vs. Denver Broncos September 7 1963
937,49-39,49,39,88,10,1,all games,Kansas City Chiefs vs. Denver Broncos November 1 1964
938,42-18,42,18,60,24,1,all games,Kansas City Chiefs vs. New York Jets November 5 1967
939,34-2,34,2,36,32,1,all games,Kansas City Chiefs vs. Denver Broncos September 22 1968
940,42-22,42,22,64,20,1,all games,Kansas City Chiefs vs. Cincinnati Bengals October 26 1969
941,54-34,54,34,88,20,1,all games,Kansas City Chiefs vs. St. Louis Rams October 22 2000
942,49-10,49,10,59,39,1,all games,Kansas City Chiefs vs. St. Louis Rams December 8 2002
943,38-5,38,5,43,33,1,all games,Kansas City Chiefs vs. Buffalo Bills October 26 2003
944,28-2,28,2,30,26,1,all games,Kansas City Chiefs vs. Jacksonville Jaguars September 8 2013
945,56-31,56,31,87,25,1,all games,Kansas City Chiefs vs. Oakland Raiders December 15 2013
946,51-31,51,31,82,20,1,all games,Kansas City Chiefs vs. Houston Texans January 12 2020
947,48-9,48,9,57,39,1,all games,Kansas City Chiefs vs. Las Vegas Raiders December 12 2021
948,46-13,46,13,59,33,1,all games,Miami Dolphins vs. Chicago Bears November 2 1975
949,39-24,39,24,63,15,1,all games,Miami Dolphins vs. New England Patriots November 29 1979
950,70-20,70,20,90,50,1,all games,Miami Dolphins vs. Denver Broncos September 24 2023
951,45-15,45,15,60,30,1,all games,Miami Dolphins vs. Washington Commanders December 3 2023
952,32-26,32,26,58,6,1,all games,Miami Dolphins vs. New York Jets December 8 2024
953,17-8,17,8,25,9,1,all games,Milwaukee Badgers vs. Chicago Cardinals November 2 1924
954,46-36,46,36,82,10,1,all games,Minnesota Vikings vs. Dallas Cowboys November 26 1998
955,26-26,26,26,52,0,1,all games,Green Bay Packers vs. Minnesota Vikings November 24 2013
956,29-29,29,29,58,0,1,all games,Green Bay Packers vs. Minnesota Vikings September 16 2018
957,51-42,51,42,93,9,1,all games,New Orleans Saints vs. St. Louis Cardinals November 2 1969
958,43-38,43,38,81,5,1,all games,New Orleans Saints vs. San Francisco 49ers November 23 1969
959,43-27,43,27,70,16,1,all games,New Orleans Saints vs. Washington Redskins October 13 2002
960,46-34,46,34,80,12,1,all games,New Orleans Saints vs. Miami Dolphins October 25 2009
961,52-38,52,38,90,14,1,all games,New Orleans Saints vs. Detroit Lions October 15 2017
962,43-19,43,19,62,24,1,all games,New Orleans Saints vs. Washington Redskins October 8 2018
963,52-33,52,33,85,19,1,all games,New Orleans Saints vs. Minnesota Vikings December 25 2020
964,44-19,44,19,63,25,1,all games,New Orleans Saints vs. Dallas Cowboys September 15 2024
965,46-28,46,28,74,18,1,all games,Boston Patriots vs. Houston Oilers December 8 1963
966,46-38,46,38,84,8,1,all games,New England Patriots vs. Baltimore Ravens October 6 1996
967,42-15,42,15,57,27,1,all games,New England Patriots vs. Cleveland Browns December 5 2004
968,59-24,59,24,83,35,1,all games,New England Patriots vs. Indianapolis Colts November 18 2012
969,49-19,49,19,68,30,1,all games,New England Patriots vs. New York Jets November 22 2012
970,55-31,55,31,86,24,1,all games,New England Patriots vs. Pittsburgh Steelers November 3 2013
971,43-22,43,22,65,21,1,all games,New England Patriots vs. Indianapolis Colts January 11 2014
972,33-8,33,8,41,25,1,all games,New England Patriots vs. Oakland Raiders November 19 2017
973,43-40,43,40,83,3,1,all games,New England Patriots vs. Kansas City Chiefs October 14 2018
974,19-19,19,19,38,0,1,all games,Detroit Wolverines vs. New York Giants November 11 1928
975,49-34,49,34,83,15,1,all games,New York Giants vs. Washington Redskins October 28 1962
976,42-40,42,40,82,2,1,all games,New York Giants vs. Green Bay Packers September 19 1971
977,62-10,62,10,72,52,1,all games,New York Giants vs. Philadelphia Eagles November 26 1972
978,39-20,39,20,59,19,1,all games,New York Giants vs. Denver Broncos January 25 1987
979,33-15,33,15,48,18,1,all games,New York Giants vs. San Francisco 49ers October 21 2007
980,52-27,52,27,79,25,1,all games,New York Giants vs. New Orleans Saints December 9 2012
981,46-45,46,45,91,1,1,all games,New York Titans vs. Denver Broncos November 22 1962
982,52-13,52,13,65,39,1,all games,New York Jets vs. Houston Oilers September 18 1966
983,47-31,47,31,78,16,1,all games,New York Jets vs. Boston Patriots September 22 1968
984,62-28,62,28,90,34,1,all games,New York Jets vs. Tampa Bay Buccaneers November 17 1985
985,56-35,56,35,91,21,1,all games,New York Jets vs. Arizona Cardinals September 28 2008
986,45-25,45,25,70,20,1,all games,Houston Oilers vs. Denver Broncos November 6 1960
987,49-33,49,33,82,16,1,all games,Houston Oilers vs. San Diego Chargers December 19 1971
988,58-14,58,14,72,44,1,all games,Houston Oilers vs. Cleveland Browns December 9 1990
989,47-36,47,36,83,11,1,all games,Tennessee Titans vs. Pittsburgh Steelers January 2 2000
990,42-39,42,39,81,3,1,all games,Tennessee Titans vs. Jacksonville Jaguars December 6 2015
991,42-16,42,16,58,26,1,all games,Tennessee Titans vs. Buffalo Bills October 13 2020
992,46-25,46,25,71,21,1,all games,Tennessee Titans vs. Detroit Lions December 20 2020
993,64-0,64,0,64,64,1,all games,Philadelphia Eagles vs. Cincinnati Reds November 6 1934
994,49-25,49,25,74,24,1,all games,Philadelphia Eagles vs. Boston Yanks October 6 1946
995,40-8,40,8,48,32,1,all games,Philadelphia Eagles vs. San Francisco 49ers October 2 1994
996,58-37,58,37,95,21,1,all games,Philadelphia Eagles vs. Detroit Lions December 30 1995
997,40-18,40,18,58,22,1,all games,Philadelphia Eagles vs. Dallas Cowboys September 30 2001
998,36-3,36,3,39,33,1,all games,Philadelphia Eagles vs. Dallas Cowboys November 18 2001
999,23-11,23,11,34,12,1,all games,Philadelphia Eagles vs. New York Giants January 11 2009
1000,59-28,59,28,87,31,1,all games,Philadelphia Eagles vs. Washington Redskins November 15 2010
1001,54-11,54,11,65,43,1,all games,Philadelphia Eagles vs. Chicago Bears December 22 2013
1002,25-11,25,11,36,14,1,all games,Philadelphia Eagles vs. Tampa Bay Buccaneers September 25 2023
1003,63-7,63,7,70,56,1,all games,Pittsburgh Steelers vs. New York Giants November 30 1952
1004,55-27,55,27,82,28,1,all games,Pittsburgh Steelers vs. Cleveland Browns October 17 1954
1005,27-2,27,2,29,25,1,all games,Pittsburgh Steelers vs. Chicago Cardinals December 22 1957
1006,47-28,47,28,75,19,1,all games,Pittsburgh Steelers vs. New York Giants December 11 1966
1007,57-33,57,33,90,24,1,all games,Pittsburgh Steelers vs. Atlanta Falcons December 18 1966
1008,34-5,34,5,39,29,1,all games,Pittsburgh Steelers vs. Houston Oilers January 7 1979
1009,51-35,51,35,86,16,1,all games,Pittsburgh Steelers vs. Cleveland Browns October 7 1979
1010,39-21,39,21,60,18,1,all games,Pittsburgh Steelers vs. Denver Broncos October 23 1988
1011,51-34,51,34,85,17,1,all games,Pittsburgh Steelers vs. Indianapolis Colts October 26 2014
1012,43-18,43,18,61,25,1,all games,Pittsburgh Steelers vs. San Francisco 49ers September 20 2015
1013,21-2,21,2,23,19,1,all games,Providence Steam Roller vs. Canton Bulldogs November 11 1926
1014,10-4,10,4,14,6,1,all games,Racine Legion vs. Chicago Cardinals November 25 1923
1015,43-43,43,43,86,0,1,all games,Boston Patriots vs. Oakland Raiders October 16 1964
1016,44-22,44,22,66,22,1,all games,Oakland Raiders vs. Kansas City Chiefs November 23 1967
1017,48-6,48,6,54,42,1,all games,Oakland Raiders vs. Buffalo Bills September 15 1968
1018,43-32,43,32,75,11,1,all games,Oakland Raiders vs. New York Jets November 17 1968
1019,41-26,41,26,67,15,1,all games,Oakland Raiders vs. New England Patriots December 1 1974
1020,49-16,49,16,65,33,1,all games,Oakland Raiders vs. Tampa Bay Buccaneers November 28 1976
1021,50-19,50,19,69,31,1,all games,Oakland Raiders vs. Atlanta Falcons October 14 1979
1022,45-22,45,22,67,23,1,all games,Oakland Raiders vs. San Diego Chargers October 25 1979
1023,44-37,44,37,81,7,1,all games,Los Angeles Raiders vs. San Diego Chargers October 21 1984
1024,52-25,52,25,77,27,1,all games,Oakland Raiders vs. Tennessee Titans September 29 2002
1025,40-35,40,35,75,5,1,all games,Oakland Raiders vs. Tennessee Titans December 19 2004
1026,39-23,39,23,62,16,1,all games,Oakland Raiders vs. Denver Broncos December 19 2010
1027,63-21,63,21,84,42,1,all games,Las Vegas Raiders vs. Los Angeles Chargers December 14 2023
1028,52-37,52,37,89,15,1,all games,Los Angeles Rams vs. New York Giants November 14 1948
1029,53-27,53,27,80,26,1,all games,Los Angeles Rams vs. Washington Redskins December 11 1949
1030,70-27,70,27,97,43,1,all games,Los Angeles Rams vs. Baltimore Colts October 22 1950
1031,65-24,65,24,89,41,1,all games,Los Angeles Rams vs. Detroit Lions October 29 1950
1032,54-14,54,14,68,40,1,all games,Los Angeles Rams vs. New York Yanks September 28 1951
1033,45-2,45,2,47,43,1,all games,Los Angeles Rams vs. Baltimore Colts December 5 1953
1034,48-35,48,35,83,13,1,all games,Los Angeles Rams vs. Detroit Lions October 30 1960
1035,41-30,41,30,71,11,1,all games,Los Angeles Rams vs. San Francisco 49ers November 9 1969
1036,46-14,46,14,60,32,1,all games,Los Angeles Rams vs. St. Louis Cardinals December 15 1985
1037,59-16,59,16,75,43,1,all games,St. Louis Rams vs. Atlanta Falcons November 10 1996
1038,43-12,43,12,55,31,1,all games,St. Louis Rams vs. New Orleans Saints November 28 1999
1039,57-31,57,31,88,26,1,all games,St. Louis Rams vs. San Diego Chargers October 1 2000
1040,46-9,46,9,55,37,1,all games,Los Angeles Rams vs. Indianapolis Colts September 10 2017
1041,41-39,41,39,80,2,1,all games,Los Angeles Rams vs. San Francisco 49ers September 21 2017
1042,54-51,54,51,105,3,1,all games,Los Angeles Rams vs. Kansas City Chiefs November 19 2018
1043,38-11,38,11,49,27,1,all games,Los Angeles Rams vs. New York Giants October 17 2021
1044,39-27,39,27,66,12,1,all games,Baltimore Ravens vs. Indianapolis Colts December 2 2001
1045,59-10,59,10,69,49,1,all games,Baltimore Ravens vs. Miami Dolphins September 8 2019
1046,25-9,25,9,34,16,1,all games,Baltimore Ravens vs. Houston Texans September 10 2023
1047,56-19,56,19,75,37,1,all games,Baltimore Ravens vs. Miami Dolphins December 31 2023
1048,66-0,66,0,66,66,1,all games,Rochester Jeffersons vs. Fort Porter  October 10 1920
1049,50-43,50,43,93,7,1,all games,Los Angeles Chargers vs. New York Titans December 18 1960
1050,47-23,47,23,70,24,1,all games,San Diego Chargers vs. Denver Broncos December 1 1968
1051,54-44,54,44,98,10,1,all games,San Diego Chargers vs. Pittsburgh Steelers December 8 1985
1052,50-28,50,28,78,22,1,all games,San Diego Chargers vs. Miami Dolphins September 7 1986
1053,45-23,45,23,68,22,1,all games,San Diego Chargers vs. New York Giants September 25 2005
1054,49-41,49,41,90,8,1,all games,San Diego Chargers vs. Cincinnati Bengals November 12 2006
1055,48-29,48,29,77,19,1,all games,San Diego Chargers vs. New York Jets September 22 2008
1056,54-24,54,24,78,30,1,all games,Los Angeles Chargers vs. Buffalo Bills November 19 2017
1057,39-29,39,29,68,10,1,all games,Los Angeles Chargers vs. Jacksonville Jaguars October 25 2020
1058,47-30,47,30,77,17,1,all games,Seattle Seahawks vs. Jacksonville Jaguars November 12 1995
1059,22-15,22,15,37,7,1,all games,Seattle Seahawks vs. Miami Dolphins October 6 1996
1060,36-18,36,18,54,18,1,all games,Seattle Seahawks vs. Arizona Cardinals November 14 2010
1061,58-0,58,0,58,58,1,all games,Seattle Seahawks vs. Arizona Cardinals December 9 2012
1062,43-8,43,8,51,35,1,all games,Seattle Seahawks vs. Denver Broncos February 2 2014
1063,36-16,36,16,52,20,1,all games,Seattle Seahawks vs. Green Bay Packers September 4 2014
1064,39-30,39,30,69,9,1,all games,Seattle Seahawks vs. Pittsburgh Steelers November 29 2015
1065,46-18,46,18,64,28,1,all games,Seattle Seahawks vs. Indianapolis Colts October 1 2017
1066,48-45,48,45,93,3,1,all games,Seattle Seahawks vs. Detroit Lions October 2 2022
1067,63-40,63,40,103,23,1,all games,San Francisco 49ers vs. Brooklyn Dodgers November 21 1948
1068,56-28,56,28,84,28,1,all games,San Francisco 49ers vs. Cleveland Browns October 9 1949
1069,37-2,37,2,39,35,1,all games,San Francisco 49ers vs. New Orleans Saints October 1 1972
1070,55-10,55,10,65,45,1,all games,San Francisco 49ers vs. Denver Broncos January 28 1990
1071,21-8,21,8,29,13,1,all games,San Francisco 49ers vs. Cincinnati Bengals December 5 1993
1072,55-17,55,17,72,38,1,all games,San Francisco 49ers vs. Detroit Lions December 19 1993
1073,44-3,44,3,47,41,1,all games,San Francisco 49ers vs. New York Giants January 15 1994
1074,44-15,44,15,59,29,1,all games,San Francisco 49ers vs. Chicago Bears January 7 1995
1075,36-32,36,32,68,4,1,all games,San Francisco 49ers vs. New Orleans Saints January 14 2012
1076,44-33,44,33,77,11,1,all games,San Francisco 49ers vs. Jacksonville Jaguars December 24 2017
1077,51-13,51,13,64,38,1,all games,San Francisco 49ers vs. Carolina Panthers October 27 2019
1078,48-46,48,46,94,2,1,all games,San Francisco 49ers vs. New Orleans Saints December 8 2019
1079,36-9,36,9,45,27,1,all games,San Francisco 49ers vs. New York Giants September 27 2020
1080,32-19,32,19,51,13,1,all games,San Francisco 49ers vs. New York Jets September 9 2024
1081,10-5,10,5,15,5,1,all games,Tampa Bay Buccaneers vs. Buffalo Bills December 4 1988
1082,19-5,19,5,24,14,1,all games,Tampa Bay Buccaneers vs. Philadelphia Eagles September 19 1999
1083,48-40,48,40,88,8,1,all games,Tampa Bay Buccaneers vs. New Orleans Saints September 9 2018
1084,55-40,55,40,95,15,1,all games,Tampa Bay Buccaneers vs. Los Angeles Rams September 29 2019
1085,46-23,46,23,69,23,1,all games,Tampa Bay Buccaneers vs. Carolina Panthers November 15 2020
1086,8-6,8,6,14,2,1,all games,Boston Braves vs. Chicago Cardinals November 27 1932
1087,7-5,7,5,12,2,1,all games,Washington Redskins vs. Detroit Lions October 16 1938
1088,59-21,59,21,80,38,1,all games,Washington Redskins vs. Boston Yanks October 31 1948
1089,72-41,72,41,113,31,1,all games,Washington Redskins vs. New York Giants November 27 1966
1090,33-9,33,9,42,24,1,all games,Washington Redskins vs. San Francisco 49ers November 11 1973
1091,38-12,38,12,50,26,1,all games,Washington Redskins vs. New York Giants October 11 1987
